2145
932
334
1853
431
2015
1236
740
6
2657
525
2560
1823
967
2182
296
1658
436
1105
1618
555
421
1361
903
488
2327
1607
25
722
1160
424
1522
1000
2246
1586
786
400
453
2012
1456
2350
1006
1329
518
692
151
2168
1004
1727
514
931
1875
865
1189
2555
791
2011
638
2495
2004
1237
596
885
322
2197
624
1170
2067
2689
853
2156
1339
2326
618
2690
1238
1897
569
2653
836
2225
1197
2028
1500
2113
89
2481
1062
1181
1358
1505
1862
208
378
308
79
1561
1739
1360
1185
1762
2423
1468
1003
861
1988
2464
787
510
345
950
533
484
2573
2285
985
1458
2380
1619
723
2461
371
1086
2377
852
1654
2000
577
67
1909
742
1029
1336
661
2699
1076
715
777
976
1504
2025
2088
642
1133
280
2679
392
2543
1977
898
2208
2016
2161
1941
1870
1894
2401
1868
312
1506
1972
869
584
1415
2323
1945
2343
944
725
1083
2002
1347
1733
342
2008
1731
2078
973
2266
279
1357
827
1403
1907
987
1478
1901
2348
1162
851
401
185
325
2081
352
729
1548
511
419
1268
99
1294
51
1722
138
1933
2462
2506
2434
1602
2669
2634
1908
855
993
2468
41
117
759
2094
2700
1852
2682
1437
1660
1168
2076
1372
1276
2654
81
896
643
1531
857
992
1212
313
2605
1570
1107
1125
64
2626
1002
2035
215
482
1976
318
2359
1892
2665
578
831
2706
449
582
2447
2395
2057
150
96
2123
806
2215
2299
783
149
2482
1804
1317
1699
1809
581
1345
289
1665
479
262
1121
2593
1553
1426
245
1368
785
231
1194
259
862
1626
1855
225
819
2371
1248
172
47
1951
825
2398
2484
222
1989
1367
1552
1344
1904
1138
1674
414
2052
1805
2244
2652
2635
1123
1642
266
2303
1049
2589
119
1622
2142
2217
1151
224
1720
2436
2527
314
348
1073
1881
1071
2650
2312
1963
1259
1008
417
2636
1256
2149
2189
2032
960
1776
176
1651
2079
2300
335
184
1539
2106
1312
893
963
2045
1620
433
2602
2449
249
1271
1837
428
1327
1627
316
1226
2240
506
682
2655
220
636
463
1183
321
566
460
559
1540
410
1779
92
39
367
653
657
1202
16
210
1643
2647
385
2442
575
2666
34
1828
167
656
870
1573
500
551
2027
2209
2687
45
2485
2412
671
2014
1954
1376
1440
197
118
1192
699
1557
2118
568
1546
1253
213
333
1632
471
128
2444
644
1768
807
1565
2264
2257
2255
1127
1232
1371
1523
961
1590
757
1395
1495
2104
1424
329
811
422
846
2251
139
1577
2334
1286
1409
2248
1036
1178
1663
1476
1984
2704
1807
546
2347
800
1736
2055
361
1136
940
2237
2705
2204
2274
2220
689
2703
1784
402
1134
2563
100
2600
1261
856
2298
1167
2379
1065
2206
1311
1096
1030
1110
1054
1696
1734
2446
2200
758
1946
1544
1070
833
2111
1069
2170
1277
2516
1985
780
606
1717
1771
1572
2280
2175
1114
380
2296
966
1325
1688
1917
900
1563
1303
717
744
1473
2177
1673
1143
2047
372
1850
2259
1999
1392
1216
448
2302
2193
2664
765
237
1530
1685
1840
1207
1715
55
1931
290
1488
1119
630
1356
408
1211
17
1242
489
2595
2284
1118
364
0
1318
1246
1952
2433
705
1551
814
190
613
2413
2672
2214
1763
1885
586
174
1912
2678
1017
2400
1953
526
346
726
2281
2639
874
77
797
2648
1939
2405
2503
474
1115
310
1014
330
2701
1657
2275
1509
1075
293
1406
906
2374
144
234
2615
2013
1487
336
359
599
1252
659
1145
366
1732
2135
2610
2383
605
1485
867
2619
1239
1088
1103
1562
2181
405
1037
1365
527
2239
2227
2021
2500
1245
1493
873
2278
1755
810
2557
26
2129
1200
2684
2072
331
283
1793
1394
590
238
1243
134
2050
745
2307
494
587
886
1422
1431
501
746
1814
2270
2567
2454
1321
2268
1300
1387
678
2584
693
1794
2043
2562
427
391
1222
796
1477
8
1080
2105
2686
2572
930
1966
1435
2397
1005
1564
698
908
2186
1295
2046
808
1812
2486
1517
990
1399
2469
2355
2256
1634
592
547
648
975
907
2335
1629
2599
2410
1645
1454
1744
529
2155
2279
763
253
2112
1818
2571
1079
2499
10
1340
1471
1601
394
616
206
1559
1893
1801
751
2671
384
2236
662
1421
1847
46
782
1265
169
2024
207
1346
2349
1258
2501
1656
229
217
2085
610
2574
439
80
1746
1457
1116
315
2632
341
1865
2325
2223
2621
2438
1247
1051
2125
504
1981
1998
1150
2579
1026
317
2580
859
556
762
88
2695
98
1848
876
571
911
924
792
1235
2006
614
660
2080
2483
164
822
2333
790
1309
2356
957
2696
1027
700
1135
1986
70
1223
2318
1922
2138
1308
1747
2546
711
2510
2421
1525
2596
131
2463
182
71
2287
76
1856
1913
1240
1015
2532
637
2136
1614
904
2242
1375
332
641
347
1108
2221
1393
2514
2234
1723
1507
2524
2148
748
2425
1448
288
2122
593
752
1350
1215
1513
2037
69
2245
2091
49
1407
1152
1597
454
30
303
1163
2471
1648
2074
2364
1089
2489
799
683
1046
1061
1
2424
1919
158
2171
1292
29
2587
1275
1429
2070
2668
2194
1297
2253
1081
675
2150
1560
1314
1228
1012
173
1137
588
103
305
2453
1859
374
1193
298
1979
739
440
1816
882
451
1117
2139
1730
141
721
1575
2353
493
974
65
1319
2478
38
1959
523
1878
1839
1218
2232
1670
982
475
1785
1077
2077
1396
1580
1598
1940
1299
2286
129
1140
2030
1729
163
1221
403
2470
2451
1796
1462
1251
1810
1798
809
881
702
297
520
1373
830
2674
1895
1112
1935
816
7
2612
1795
1867
512
1059
2095
2019
2507
2203
233
1323
1494
766
1615
2162
124
1928
1886
2526
2538
1446
1480
2228
2187
1146
1203
921
1633
1366
1342
2439
673
1090
363
2497
2306
1923
1044
2542
19
737
890
832
31
338
320
1423
2042
2582
354
203
257
1948
1285
503
2143
1196
2121
1623
2026
1866
1652
1659
2680
2198
1566
2273
2360
1444
1824
242
1273
1164
2297
2476
1310
1161
1888
1469
2320
1491
508
1863
706
1124
1669
109
2467
794
1269
1390
430
767
1918
2623
2548
1337
2391
2066
1964
2346
1449
2528
1092
1296
1032
1550
2331
9
1343
1576
2583
1306
798
1521
381
1199
640
1290
1460
1605
615
1833
1482
375
1708
255
1595
1433
761
2418
1484
2315
1191
1492
2455
2053
1132
1835
2110
1400
732
955
497
2345
695
1786
1050
1174
40
199
710
1858
535
1104
1671
171
2329
1260
2098
2092
560
481
635
1647
1514
227
2342
52
140
267
926
507
2694
1748
2685
2180
2675
2146
438
2633
1861
1280
2324
2054
157
2036
1792
2031
56
1267
549
574
20
2367
550
1019
2509
2172
456
1705
2210
847
2651
1198
1024
1270
2099
1187
1388
2040
795
1095
1173
517
323
1692
2475
2511
2059
382
130
1363
2644
181
2487
1924
264
1364
1702
2134
1712
1827
2073
2005
2141
2354
1962
459
78
1808
251
1227
54
1386
1074
1322
848
778
672
1567
1678
177
114
159
1025
522
1166
887
2627
299
1661
2618
319
1510
591
2508
1053
884
1683
287
1967
418
1109
977
1147
841
2241
389
429
1983
1436
326
2288
137
2661
909
1502
246
802
1064
647
1764
2488
1555
4
2559
248
1087
2115
2169
2404
1479
532
155
2097
513
2416
2592
1097
2566
108
2022
126
2292
915
1942
897
623
74
2677
1338
1186
2362
1613
2575
260
891
1172
93
416
999
1532
892
376
2235
768
1397
697
275
632
1994
2166
95
485
894
2474
1978
2219
2443
713
905
1783
2525
464
27
1716
1899
1593
2114
1842
1527
1419
324
2456
2428
1761
998
2417
2069
2389
2660
84
2460
1876
776
1141
2160
1765
1900
929
2420
1624
913
1549
1829
1910
996
1742
1682
573
1503
1158
1757
278
218
1759
889
1982
2311
1898
895
1992
23
2561
1287
450
971
1335
1582
1324
270
1543
1414
94
558
1938
954
1608
2492
1838
423
358
211
1749
1926
115
1681
888
2144
1326
1156
1255
1241
2341
2588
1291
2313
1020
491
704
250
292
1425
12
1545
2164
1427
952
646
2558
557
2140
619
2531
645
5
339
2159
276
515
468
1288
969
1803
2458
442
2577
1381
2167
838
2384
2590
639
161
2108
2017
1666
772
48
327
1013
107
398
62
917
1201
495
2419
850
684
170
105
1078
2366
1512
1934
1128
1777
1641
2578
1995
2153
452
2698
2293
1463
1802
1993
2063
2127
2620
499
467
945
1857
2697
1713
498
2034
1906
1937
2693
2529
2064
788
1714
1800
1991
871
2301
2375
818
2656
1122
445
583
2060
2502
1401
2607
2658
1864
1453
32
994
2473
534
1653
2585
1537
986
2310
2614
1542
670
1483
1348
1278
1860
1148
486
300
923
221
1568
1465
13
824
1047
2308
2622
1302
61
1412
1830
541
1039
2399
1155
928
2157
2048
2465
1214
2131
1535
858
2276
1154
457
2369
2372
2062
2010
2151
883
1752
981
927
1635
434
2520
1854
2184
2075
1882
1355
983
256
1554
66
1574
1209
147
2128
543
1420
629
2544
1707
2403
1698
991
1496
2645
539
1617
1877
2338
817
1498
1534
1263
1475
50
1033
1001
2616
1584
612
540
1735
1377
2565
686
1385
2466
2597
1233
75
478
441
2692
1040
801
1101
1621
937
1210
594
183
2319
835
1048
947
603
1680
2289
44
116
2061
2568
2415
1126
2294
1636
1354
1640
1304
1413
2547
1084
284
951
2556
1843
901
634
1497
1111
984
166
2231
1987
285
2071
649
1416
2581
1695
922
2038
236
2137
679
1556
760
470
580
1706
690
1955
302
87
1956
1819
1726
1684
1489
396
2213
373
1010
106
1234
2663
1781
156
756
509
735
849
652
1177
597
1569
2534
877
2539
1244
344
286
2617
165
837
86
2282
307
1944
1596
1442
1085
997
2229
1609
426
2441
2096
2609
1578
1370
216
2158
2649
2365
585
195
598
2339
1519
2640
2450
2132
2188
2550
432
1007
2290
1961
2163
521
1528
2493
1849
1208
2100
1750
2291
669
1182
1721
2431
178
196
379
223
2190
1011
2009
2126
2195
1180
1486
1587
1434
654
1102
135
1686
1445
2591
1428
1301
136
1082
2426
707
1679
1165
1581
473
1758
35
1649
633
1459
773
1841
21
936
455
85
492
2411
749
2
567
281
1585
1687
738
843
306
2551
564
804
82
1447
2472
186
239
2222
1975
1438
1711
162
472
2437
988
465
842
879
750
1599
650
2629
73
1754
252
2018
2628
2536
425
1782
1529
868
1741
1767
148
274
132
1213
601
2480
247
688
2305
1378
1217
483
2174
1316
621
1515
565
466
1969
1780
875
2207
548
1693
57
2406
3
2432
2179
2408
294
2328
446
1349
734
502
2051
775
933
554
412
1844
2368
1957
563
1845
477
490
60
295
733
2430
63
562
1791
1703
2586
24
2309
277
1625
2183
37
370
1045
1443
2494
1589
691
552
2007
1616
2519
2261
1646
11
2152
953
764
228
681
415
1588
1836
2202
1391
2196
2624
2199
343
1905
1536
844
1740
53
1558
2271
1060
1219
1675
1965
2429
2205
2226
1362
956
1410
2265
2396
2512
959
2001
2267
1738
2039
2604
22
1404
243
1719
2133
1034
1441
1330
2116
191
2392
769
970
1334
1063
2238
2641
1225
2087
942
1834
793
1662
1936
1380
964
1571
1432
219
1694
2407
1883
395
240
1264
1971
658
2003
2638
1541
2541
1205
943
2250
1797
1351
1224
1958
2165
1911
2332
1257
1799
2211
880
2402
2702
1474
1689
714
1594
1628
189
1184
854
2082
1790
2361
2101
1467
789
781
188
935
2089
309
2688
2252
2479
1826
1099
1832
1009
1737
815
1481
2646
2058
1035
1353
1650
743
995
2277
1631
2254
2130
1106
1533
390
958
2269
209
1305
2173
1369
168
1206
120
1231
1130
1466
1175
2667
2249
1098
1930
972
1638
934
910
2564
2630
1973
2103
537
2504
2521
1518
1159
1131
1980
602
1691
1139
727
2643
1775
265
1204
1142
2515
2490
42
1745
2673
1769
357
1611
860
1921
1408
803
902
1603
1331
1249
755
2065
1439
2554
2317
1333
530
1379
1230
1743
1516
2613
2330
1925
2637
1279
145
1690
1113
1455
1756
2316
1018
2295
2363
1332
941
1153
1016
2086
712
2598
1728
2518
2192
1880
2659
1274
813
538
1872
1943
2216
965
728
938
2102
1831
1950
273
1890
840
604
33
2522
232
2533
1996
2049
620
536
1879
2513
544
1171
386
2191
1751
413
1352
1094
1508
1023
368
36
1220
1464
1778
821
1592
487
1470
1630
68
101
160
1974
409
1307
912
2390
377
1887
1055
311
1817
828
607
2553
2373
2707
1272
519
1637
2258
83
1664
2262
123
770
2272
1902
899
263
353
1451
753
1667
2540
1461
1997
516
805
1916
1770
2393
1990
1091
1041
925
2117
18
1932
1891
204
1038
2337
2606
2109
127
383
2681
2683
480
72
1821
444
235
2387
2385
2435
2530
226
1591
291
1511
14
154
1341
531
820
1383
1606
2570
1604
1129
1583
1612
845
2120
1766
718
1028
1229
2452
1068
2321
663
254
1677
435
1283
28
397
2084
360
2056
447
600
112
1874
2218
1710
579
122
866
369
1450
2477
741
1927
1949
1639
2304
261
1655
2201
680
2381
572
2388
175
1058
1501
104
43
1753
651
979
2670
1871
1579
1313
561
1282
2414
968
1490
2662
142
1289
1600
2601
1915
694
2336
962
1430
2154
1382
2611
2427
1031
730
1262
2440
340
1254
655
2523
1144
393
1042
2457
2496
1822
355
703
1644
230
1411
192
2549
2090
2535
628
2459
1787
2608
2409
878
2448
2376
505
2029
1190
187
916
1704
1718
272
1929
2370
2552
829
337
1970
304
2230
1668
349
622
179
1057
1700
2083
595
720
443
2314
469
1021
631
1846
736
1417
2382
2498
665
1176
919
1672
666
1903
268
1947
365
701
1043
1889
2124
258
1056
59
920
524
1100
528
1405
1825
121
1499
2340
1066
496
676
774
2386
2033
328
2093
110
2358
125
90
1538
437
2023
350
2283
826
15
2357
2107
2344
1328
1315
214
1293
2243
1384
576
1067
627
269
1157
351
2517
1873
1188
1284
918
2631
685
362
404
1788
1052
1374
2178
1709
1920
863
1914
1725
2260
839
458
2625
608
2603
1806
1418
1298
2352
399
387
282
2445
1093
113
1120
719
864
948
1281
388
1072
2505
989
200
1813
205
1195
133
709
1968
747
1398
201
2176
626
1452
664
202
696
609
2020
2247
823
949
2147
58
193
687
1701
2351
724
754
152
779
1389
1402
111
1851
1266
461
1811
1022
939
97
462
420
545
1773
1815
1760
667
1524
2378
241
143
2233
1724
356
2545
570
180
1697
1884
617
542
1610
677
2224
2185
1774
1472
1960
1149
834
1359
102
914
1772
771
2394
668
1820
674
411
2576
198
2642
1520
2537
589
1869
2044
146
812
611
1179
2119
731
153
1250
2594
2691
553
194
2322
2041
980
716
1789
2068
212
1896
978
406
1676
301
271
625
1526
1169
476
407
2491
91
2422
2676
784
946
2569
708
1320
244
872
2212
2263
1547
