1290
1853
2580
296
1062
1484
1032
157
375
2246
1861
1339
1683
2528
2134
2346
1647
615
1361
481
1618
2005
1074
1500
1824
1863
1924
1505
1897
1358
2467
2476
497
2685
2423
1236
2054
1823
2066
549
903
792
1671
79
2481
2031
1521
2168
98
267
2141
199
2583
1227
251
1267
853
1273
1181
2633
931
1343
322
1000
569
2080
761
1566
2333
323
848
2113
2345
1658
847
1024
334
1390
1124
2455
1095
242
614
822
967
2694
1514
911
1433
1019
1104
177
2418
1702
887
6
1105
2329
1310
762
1661
640
2073
2508
9
1991
852
485
2590
851
74
1372
2235
276
510
1994
2458
788
2097
1681
2002
1543
841
342
855
76
93
2531
1545
557
2022
1777
1803
392
1906
2698
1128
2301
2506
1549
1156
62
275
1908
999
1502
684
499
41
2285
1731
2138
155
2510
1993
2287
838
895
416
742
776
1108
1335
2578
1147
1757
1503
467
1425
1857
170
1654
1761
2559
917
279
897
532
2461
513
84
950
2136
1427
1291
1240
2404
2221
2660
1977
2456
871
976
913
278
632
1463
1347
48
1749
2693
1716
1308
2588
332
1876
2311
1842
1852
2341
2679
484
1988
1800
1013
2323
2488
1357
1733
1525
2524
81
1900
2076
67
973
573
1162
2700
1458
1910
2008
2364
1089
1154
1498
1568
649
2123
303
2556
2622
1407
1843
44
1215
1497
1698
2299
1413
289
594
300
414
2581
2091
1350
582
2037
2294
1513
1210
1453
449
75
262
150
670
1122
2231
225
1860
2597
259
1976
2652
2466
783
313
2157
236
857
2137
1635
1877
1621
2706
825
1377
479
923
1951
1302
166
1033
2276
1304
1534
831
149
922
1665
1107
1123
862
2565
1138
318
1212
1674
1412
2547
543
2614
1048
2403
819
1214
983
183
2245
1073
2534
2609
2009
348
2339
1569
1275
2539
2663
2229
2668
1686
2106
1919
1881
877
1102
1007
598
1961
2045
1010
286
224
1489
314
2132
2096
2424
963
2194
1301
1234
184
2195
196
654
1
1956
1486
1726
1271
1071
2365
521
1182
1312
2282
1587
837
1596
1008
2650
2480
1643
2007
2551
2368
1754
688
2408
465
2406
2118
644
843
2444
2014
1228
2305
277
559
2586
451
85
1349
1440
656
653
39
882
21
563
2018
733
1969
2411
1845
24
63
2412
1979
197
472
45
734
1741
274
575
333
2485
749
1012
1768
132
868
57
1616
554
2655
567
1447
2629
60
1581
1859
1202
2174
1533
982
2515
2705
237
1139
2269
2173
860
2407
2259
1925
1694
1286
191
129
2563
2055
1663
2277
1728
780
2392
970
1971
854
995
1096
942
1054
2039
273
2003
290
65
2490
1065
1063
1204
2479
2702
1921
2077
100
2332
1206
1016
974
1439
1351
1476
846
2664
1946
1628
1784
744
546
765
1598
856
943
1332
1936
1831
956
361
415
1796
1738
1544
1797
329
1943
606
1850
1099
2252
2257
2518
1594
1219
714
2111
1455
2295
2238
1249
1362
2104
721
1931
2058
1872
1530
1745
2330
243
1836
448
422
1984
811
1740
1541
1603
1719
961
1106
1077
2264
1264
1691
959
343
815
934
1117
1221
1572
1481
1999
1114
2353
2673
1072
2606
1815
826
232
930
340
311
1912
439
651
1960
2439
1920
774
1645
1766
630
1672
230
2191
2405
2576
2185
1949
1564
2283
368
2611
133
1067
2374
1281
698
2707
2228
1422
146
2608
1760
351
241
662
946
2085
447
1847
90
1795
201
1981
217
545
2542
2227
291
2187
1461
1169
443
678
2572
2143
2594
2523
1411
693
570
1677
102
797
2497
2370
812
134
949
2337
330
2691
2049
1382
2056
1970
709
1028
1295
1998
2349
1547
1753
1383
1822
2125
2507
747
2610
2427
1879
561
206
2021
2505
261
194
175
124
77
487
2570
2154
2279
914
461
2681
1405
2671
2440
1055
480
1103
1051
1399
1446
1031
160
1023
19
2335
779
1811
1188
420
1293
2340
626
2393
2243
2107
2513
676
1600
1100
1494
2422
91
1356
238
2223
2355
263
68
320
33
257
2093
2584
2469
1508
1821
516
1394
696
469
1591
43
1895
1787
1511
524
1120
2147
46
519
816
2186
2400
719
1644
2120
731
2024
962
1431
579
592
1996
1203
1176
1389
2278
2448
1116
1903
1887
820
2491
2433
2212
664
2540
1923
2162
2284
627
1865
1891
26
394
2535
718
1896
821
1869
1056
527
2033
408
2678
2684
2124
474
975
391
1526
144
1251
1118
814
1480
1289
143
1676
1464
462
1485
830
337
1562
628
2263
365
2454
677
2176
1044
706
596
1449
418
1053
1705
264
1109
1135
798
624
1185
319
430
2040
2391
2644
1786
1858
1166
2320
1296
1550
381
114
2560
171
2627
2011
1727
181
2548
1388
2110
1187
2064
1838
2634
2166
759
2108
358
2566
729
2144
23
1287
371
419
376
996
2401
1909
1829
105
715
713
2169
1913
2463
107
2577
312
1641
464
1158
1945
1436
1938
2164
987
2078
2292
515
4
993
1326
1148
1084
2371
1804
1752
2369
1556
539
1126
66
13
1278
2398
1584
2616
2568
1552
1317
981
1401
2447
818
1640
2131
2399
2502
61
581
2071
1720
2591
1429
106
1226
2449
2589
2617
119
1151
379
1627
1081
302
2300
195
735
1622
306
2207
1192
650
2687
367
568
239
247
1253
2430
565
1045
1314
321
455
1316
118
988
870
425
188
120
1950
964
1369
141
493
2541
395
2274
1588
2237
2211
2170
1834
1175
1890
602
2086
2379
1775
2250
1715
1646
2065
38
240
2600
2637
2271
1424
1523
1467
966
2248
1167
938
844
265
2152
1880
921
805
234
908
2397
1601
989
617
1014
2538
1820
1398
190
489
666
366
1551
2676
1667
741
673
622
2325
1798
2307
1058
1472
304
1851
1668
2351
1340
1886
2686
2388
1846
229
1633
405
501
336
254
1477
2582
1037
406
283
1417
528
899
1932
2044
694
2358
1471
1657
2642
10
724
919
1773
1298
1810
648
1583
341
1470
113
1629
1770
839
1709
2452
1242
1732
1928
1418
1801
1352
174
1211
518
2146
1888
2350
1025
70
555
550
78
54
1280
1669
1161
1260
794
2198
1962
109
1191
710
2475
1482
1164
740
227
1050
2690
1400
1848
317
459
2509
2354
308
130
89
456
865
1270
2360
1174
660
164
2059
1595
1469
2028
1329
2067
1004
1833
2487
700
672
861
2210
2006
859
836
2182
1827
1092
1986
1762
1468
1739
2036
2053
2015
255
2495
1460
535
722
2618
431
508
1027
438
514
525
1561
2092
885
1003
2180
517
2156
2331
2689
2327
571
1918
1522
151
1198
1576
1269
522
1160
2012
695
1862
1607
421
1692
1237
1875
2342
955
786
52
453
1026
2172
436
2145
40
926
1567
957
876
2315
507
1967
1586
2623
299
2297
140
574
778
2651
2696
488
1456
767
1510
2695
2555
1238
1808
2098
1492
88
732
1006
1748
2483
2367
1444
1235
932
2657
1173
692
25
795
1835
1364
2326
2675
424
382
2511
2004
2324
791
638
1199
2225
20
924
400
635
1363
1322
1792
1678
1197
1132
556
1223
1306
2197
1708
1712
2273
977
2099
56
618
2653
1360
378
790
884
287
1964
1386
1170
1491
159
1605
2356
1189
1309
208
591
1337
560
584
954
345
211
2348
1083
2288
1276
1942
2375
1582
1624
442
1201
1403
2428
1926
1133
1478
1414
558
260
944
1393
468
1336
2699
2525
723
623
637
2468
1722
2114
2219
1294
2417
1742
161
246
2416
99
429
1532
327
1015
891
2389
1759
1933
1097
1419
1078
850
1802
888
325
108
182
115
2421
248
423
2241
1713
711
1506
2160
511
2063
27
2661
2575
117
1512
1479
498
2669
577
2242
2153
1241
2377
896
2596
641
2384
969
647
787
1901
1087
697
889
131
2443
2094
1613
645
2167
452
2682
292
2293
2148
1375
2677
2546
2492
1682
2561
1507
401
95
1608
2434
51
2000
2016
998
1856
1288
126
898
1268
533
339
2464
1941
1324
324
1076
619
1064
1666
1764
905
1783
1029
725
894
2343
2514
2460
2529
1255
138
94
904
2419
1978
642
2592
12
2573
639
1548
2266
1381
347
1397
1602
137
2697
1619
2380
2234
1894
1527
450
915
827
646
1415
1086
748
704
2208
661
802
2161
2017
352
2025
929
389
892
768
495
1922
1868
1168
985
250
1937
1995
869
2127
909
1723
326
2462
2543
2318
270
2425
1982
2362
185
1660
971
2088
1593
1186
2140
2532
1907
2081
398
2620
952
777
1972
1934
2115
1983
1898
2069
5
1172
2420
772
1504
945
1765
491
1870
2474
1992
2159
1714
1614
1020
2034
1747
1899
1437
2558
1141
2366
280
71
1555
1338
2313
218
2654
1125
947
1465
2626
2215
2319
2605
683
1706
1707
1155
2303
1531
2465
49
288
2395
2122
927
1570
2151
760
1553
2484
1987
454
806
2061
1483
1805
1420
470
1416
1001
2062
1904
752
2060
1648
1626
883
2184
1111
1535
2489
1233
172
1209
1735
285
47
2471
2038
1989
1642
1344
221
1194
96
2585
799
1892
2520
231
1101
284
2593
634
643
690
2692
540
817
1496
482
603
858
1348
1653
578
1554
2415
256
937
1368
928
785
2010
994
1617
534
992
1574
986
1163
1537
2482
2635
32
2544
1248
1475
679
541
2048
2128
2645
1448
1354
457
266
2665
2035
1695
147
1864
1680
2244
686
2607
951
1355
991
629
445
2057
1047
222
2658
1263
478
245
1040
2289
2075
901
434
593
2656
984
2074
2308
1121
1597
116
1854
583
824
1039
1809
2310
2338
1855
2473
441
1636
215
69
1367
580
1152
1385
30
1699
835
1882
1426
612
1830
64
2052
801
1002
50
486
1542
2372
1345
1046
2359
1837
1944
1819
997
2253
1684
2213
2312
2070
2079
2649
1177
1434
1620
1519
1085
1442
1781
2602
1955
86
136
2190
597
2550
1256
509
2171
87
2189
1259
2527
1849
669
344
2149
433
1528
1776
216
1963
1750
426
1082
1165
1370
2426
2436
2640
156
652
675
2163
335
2100
2450
2126
2188
849
1679
1445
249
1428
428
2587
2441
316
165
1180
2291
29
223
135
1297
1049
960
2142
2217
373
432
1609
1208
1292
176
585
1244
1651
2431
307
707
178
756
2240
2158
396
1327
2493
1578
1061
2032
417
1539
893
2636
2290
158
1011
1721
671
410
2183
82
1957
1376
1975
1828
1758
2442
148
1649
566
1443
213
186
1217
1183
1137
691
34
1780
1589
1782
103
552
738
551
1515
1546
173
370
374
73
773
2647
601
2666
1540
471
2027
775
2
463
1632
2453
1711
16
933
1625
295
483
37
2437
2150
1557
502
298
1599
739
2628
699
1459
2536
842
2222
1378
1844
412
657
162
500
548
879
1529
385
477
2051
1193
490
562
220
506
2309
621
1841
1573
281
35
92
3
466
2179
750
1213
1560
440
564
1791
1954
1767
936
1816
167
1693
492
473
2494
2209
1687
252
807
294
2328
446
1438
2472
1779
636
305
460
588
1703
128
682
875
210
633
804
2432
1585
2205
1113
712
2267
139
1563
1331
1737
42
2363
689
1536
769
380
357
1153
764
1670
1225
1232
2361
880
2101
2302
1917
2199
2659
2317
2261
1558
1516
2554
1334
1303
1325
1575
1379
2226
1638
1060
1771
2286
1131
2347
145
1958
1353
2232
2265
1839
2516
1690
1840
2630
758
1756
2177
1883
1404
1274
1473
1743
2316
2249
1518
2089
1409
1333
935
1142
2703
1408
1030
2001
2504
1009
2624
940
475
1474
523
2519
2667
953
2220
1696
1230
1580
2704
1826
1785
1729
1495
2298
1675
1070
2429
219
209
2087
1959
1396
900
1279
372
1734
1466
2102
965
1110
2130
1130
1205
1432
1035
2030
1611
681
833
1565
1218
727
1577
2478
658
530
2165
1911
1207
1441
2255
1807
1717
1098
1380
22
2613
2047
402
1261
1673
1018
1371
1878
403
189
1799
2251
1650
1410
228
1311
1985
1299
1930
941
1769
1036
1216
2200
1392
1184
2688
2641
2192
2451
309
1689
2082
2175
2254
11
1395
1134
2512
1662
1140
2402
910
958
168
1224
743
537
2638
2643
2116
1330
2470
1790
1940
1231
1178
1685
1127
1319
1571
717
1688
2396
2521
2196
1257
2446
755
1136
2598
1159
1905
757
2206
2103
1980
2296
2133
789
1973
538
902
781
2193
972
1305
1590
2202
1034
390
2564
800
2334
728
2646
2204
2139
53
1965
1069
1277
1832
2216
793
2604
803
1736
813
1143
2280
1730
1391
1631
55
163
701
1704
705
703
0
1384
665
2386
1365
2552
1021
1387
1639
1091
828
1927
587
331
1517
269
310
1867
1825
435
605
1610
832
1990
1043
782
2268
1725
808
1953
1239
1697
512
2459
2410
754
2376
112
1939
531
101
399
990
2214
2270
2569
1145
1604
1144
771
2050
2387
1948
253
386
770
2672
2574
504
829
736
407
377
1454
655
2373
1718
1068
427
15
2533
200
1307
1315
2603
2648
1423
1313
2549
2599
702
1341
1320
1300
2621
1814
572
2041
315
142
631
2632
123
328
1017
2020
1318
202
1179
364
608
1115
1057
1252
2314
609
745
2553
663
1079
1196
1321
907
1022
204
444
1229
2382
878
1774
2019
1873
363
620
2046
1430
2530
1284
127
411
2526
867
2612
520
359
595
751
542
97
153
1171
1038
2068
2043
1929
890
1664
873
2445
233
1373
8
1615
2498
1462
2275
2247
590
2218
503
1812
1250
205
1966
886
1493
169
350
1952
346
2639
125
404
476
2135
1066
1452
1520
2155
226
599
1157
122
613
1088
1755
2090
2117
31
667
834
2680
2517
939
1005
2119
1893
2258
809
2178
387
2683
1630
192
1606
235
1258
297
616
1190
730
1451
576
1402
1243
1885
912
840
2571
763
2385
720
2233
2262
753
1406
1499
1342
1266
58
1041
1524
2503
1490
2500
301
1254
1328
179
1751
737
2562
766
553
154
2026
668
83
2496
2109
1374
1247
1200
659
2084
1112
881
338
193
2105
2378
1612
536
1656
1272
244
2701
2438
978
354
2224
2601
1817
526
1813
2029
360
1866
1778
1724
36
1042
72
1592
152
2236
1793
680
1884
2545
2522
906
214
874
2619
1915
2383
2352
2306
1283
2239
1222
1323
980
458
1871
1789
1435
2537
1744
2072
1710
1220
1059
1052
2321
544
845
413
2112
362
282
685
2023
600
1772
2203
1146
2557
2344
2304
2256
2501
1359
925
1914
1090
104
59
918
1874
2567
716
272
1788
866
810
2201
1488
2230
863
293
1094
384
916
687
2357
1634
1080
18
2322
353
1701
1282
610
14
2499
1245
2625
2435
1195
383
1075
1623
268
355
258
356
607
1902
2457
823
625
586
1818
349
121
369
494
2083
207
2674
547
708
2013
726
2260
1262
271
1746
2042
1889
611
1655
1579
1150
2409
203
1637
1559
2394
1265
1246
2095
2413
212
784
17
2579
1763
1093
2121
80
2336
1285
2662
1487
111
1997
674
2181
397
2129
1794
1700
388
1652
1119
1947
2595
2486
1421
2414
2670
505
1346
1366
1916
529
1149
7
198
746
2281
409
1974
872
589
393
1450
28
2477
968
1935
2631
2615
180
948
979
2272
1129
187
2381
2390
1457
1968
496
920
1659
604
110
796
1806
1509
1538
1501
864
437
