1484
2198
1358
535
2053
1824
1027
1223
1363
1062
569
130
1875
795
1550
761
1092
1658
459
791
1388
518
2367
1019
1053
1712
1460
1189
2006
1491
522
264
1962
1174
1166
722
847
2690
2528
1727
762
88
299
52
2099
924
2040
1678
287
977
334
2455
861
319
2028
2297
157
1309
1671
1522
436
2345
1170
1400
2141
1897
1586
1482
2146
56
865
1605
1808
710
1322
431
322
1004
571
876
2633
2356
967
1191
453
2098
2015
2331
1835
2225
1748
1848
2623
508
1270
1786
2110
2653
692
2651
1197
488
624
2695
2134
1666
768
855
973
2682
2506
1613
1933
1503
1097
950
1842
1437
2088
895
1064
41
952
270
389
1549
1336
1158
2318
713
1532
2419
401
515
326
2634
1800
1991
464
1255
1504
452
987
1338
211
759
1777
450
1186
1502
1108
419
1992
742
376
1926
1357
339
641
1856
2661
904
1525
2008
2463
2159
632
619
2016
2127
1414
577
94
2510
1415
137
2660
468
324
2573
99
851
1141
2488
1941
1543
1802
246
2025
788
1906
1764
1909
888
2341
646
787
838
898
2588
1994
532
723
1029
827
1898
218
996
278
642
342
332
1479
93
1147
2138
1988
1972
107
398
1545
748
429
2375
915
1436
1870
711
2443
2017
1995
2529
75
1047
2395
1904
2048
2137
1048
49
649
266
1535
1215
1706
690
578
149
284
1830
288
1107
1163
2614
594
819
1531
441
2244
2502
923
47
2075
2071
1407
994
2128
831
760
1542
2605
300
2035
1448
922
2398
236
44
818
540
303
225
2597
1344
2062
1860
824
1951
318
629
1001
2616
2626
50
2581
470
686
1497
1465
1636
752
215
1809
2585
231
1138
449
147
1304
1574
1084
581
1597
262
1665
478
857
1805
1355
2489
2215
1627
2539
2534
1781
2282
1720
1750
1049
176
1271
1609
136
2424
2240
2550
597
2300
428
158
2493
184
877
223
1587
2100
2589
344
1081
2213
417
1956
2436
837
735
1881
286
2441
997
2449
2290
652
2190
1919
1177
1961
1102
1008
2431
348
2426
2312
1963
963
1684
1045
473
601
1741
103
1529
653
2655
2305
2118
73
691
295
483
506
57
197
2494
633
1585
410
870
2437
2411
1560
775
2222
412
173
1758
472
1376
2207
374
933
2444
2629
868
2328
734
1440
644
2485
621
1767
807
220
559
682
2007
1581
162
568
39
2174
1693
492
1589
35
2480
1643
879
1844
60
749
966
2232
1831
689
1784
1628
1379
2077
1689
53
2598
2216
163
1688
1395
2139
1536
2347
1673
2238
813
2330
1225
1110
403
2521
1598
1467
530
2624
273
2248
1218
1959
1940
2211
1728
2102
1533
2087
1675
2392
2237
2563
1670
2173
1577
1264
2396
189
188
860
2199
1410
2030
1224
2226
1077
1016
523
910
1106
2361
1221
800
1785
2353
1999
1455
1883
1065
942
1740
934
1396
2175
935
1719
1286
1353
2101
1971
2274
1325
2298
943
900
2334
1098
1931
781
2451
1631
1351
1769
1936
422
1797
844
1872
2267
769
1516
1662
854
712
1231
2192
1432
538
1925
395
2295
2673
2196
1481
941
139
402
972
1136
953
1571
1424
537
1630
1821
809
2357
2394
301
1023
2448
353
2632
673
2397
2218
821
1501
589
2272
1744
125
1421
796
1100
1485
2325
489
680
916
501
625
2121
655
1252
1346
2129
1179
26
1884
1399
207
2639
1075
2019
169
2083
663
616
1916
1813
2438
1583
524
271
2227
2135
1014
1423
726
1452
520
2452
834
1222
1815
1472
1886
512
2572
1389
1912
269
1981
1724
283
2540
1874
1847
2214
595
364
1508
2155
747
226
2571
2526
2021
1028
328
2619
600
1601
83
607
14
1422
2260
921
1417
232
2321
2601
608
2093
864
1313
362
18
2513
763
253
1657
1928
724
2109
674
1789
753
1953
1760
610
592
1295
291
2405
1871
529
377
15
388
2503
617
1949
751
1639
46
203
356
1282
2435
2670
659
696
1520
1477
1144
1394
2569
1902
832
1242
127
886
1411
124
496
43
1746
10
2427
36
1300
462
808
2701
1610
1885
2228
2662
736
349
1866
701
1171
1340
536
331
2230
1766
1865
1366
2393
1281
2671
1920
1471
662
1418
2382
1402
1129
1373
142
1923
411
405
1774
1927
2612
1383
1806
174
461
1697
437
826
1948
1929
2355
2378
774
1091
1103
590
1176
651
2284
504
2459
2376
1052
192
2050
627
200
1289
2322
1211
2307
1055
113
1283
914
1342
1659
180
1763
863
544
814
1801
823
505
2491
694
2517
2487
323
1185
1683
574
695
2495
1310
296
378
2182
2210
1692
424
1827
1862
517
2583
109
1105
1238
706
2324
740
2418
1888
1025
1566
2156
1853
2273
1364
2011
859
1161
1913
1555
1977
1713
2592
647
999
1749
1908
2417
2460
1335
2525
275
2559
1168
2002
2366
2677
1602
1654
896
929
2377
2235
1757
2561
260
1723
161
2108
2596
850
2064
442
2404
1937
1015
2169
2160
1393
1900
2568
2289
1864
1039
2652
2622
539
1412
1123
2038
1453
670
1553
2037
1367
1111
2010
2607
2157
414
2565
2547
69
183
1122
2371
1892
1843
1513
379
1256
1539
1297
707
1651
2189
2171
1819
1007
675
2591
178
2163
316
1182
307
135
1969
490
1954
1546
2472
118
167
471
565
2628
3
2183
988
636
2453
842
733
1459
148
477
738
1696
1069
606
743
2220
1319
1230
758
940
1113
2402
1274
1036
815
309
964
1694
448
219
2407
2193
2704
2259
1611
959
2255
717
1332
1143
168
2111
1796
1153
1060
1167
145
2152
1950
956
1331
2265
102
648
2570
1115
143
687
2381
1079
1220
2314
1668
435
2579
667
2023
310
2335
1814
133
1793
1704
134
1120
2538
2440
2477
1974
1637
2457
1755
586
1150
599
1146
2522
2535
698
2201
1406
1435
2268
797
391
2496
784
2388
678
2187
1656
1939
2498
235
1559
2383
2549
1629
2584
1677
2283
33
2085
413
1239
741
2120
272
1551
1812
365
204
2185
620
194
359
2422
244
190
1321
1430
427
1873
418
2475
1500
251
2031
2333
78
1235
1833
853
2350
591
497
1618
2675
2509
1708
1339
1607
159
672
2644
2067
1024
267
1198
1739
822
618
2627
89
40
1273
1181
1433
2246
2080
1269
2391
1132
903
1237
836
1280
2197
2354
9
1705
1296
1050
171
1561
792
1514
1669
400
2548
242
1492
1109
926
615
1360
2036
887
1595
2618
2467
560
1444
732
549
2560
2689
1290
1095
2066
767
1964
931
1924
1918
1469
70
957
2580
1164
1026
1567
1236
2423
660
2555
635
2508
1702
1267
1074
1449
2696
1160
1003
1227
2092
1104
2360
1863
2327
2342
1337
932
2172
2012
2054
1386
848
638
525
1124
430
1199
794
2481
640
151
556
1792
1135
79
596
507
1329
2326
255
1576
208
2483
1967
1861
456
2511
381
54
1343
2059
20
2320
227
2005
481
308
2004
98
1521
1986
1456
177
2476
1187
2073
514
1823
164
1032
1510
1306
1361
438
798
1468
885
700
1390
2694
181
955
1260
2168
786
2315
2145
2685
199
1762
555
140
911
382
1647
1505
550
2329
778
1661
25
2346
1858
2113
790
317
884
2657
421
375
1173
614
114
6
1000
2180
1006
1641
2000
2343
2531
12
704
510
1829
95
1425
1608
2348
2679
729
1783
74
1527
1201
1852
2401
2266
511
484
345
1548
2428
27
1397
2167
2287
1324
2115
1326
2148
2462
905
1747
993
131
1894
2699
715
1078
423
276
1582
1619
498
51
891
684
776
2219
945
1013
2524
155
2577
2063
2575
1087
1922
1478
998
772
2208
533
2693
467
2323
1308
5
889
358
2140
2288
1681
2094
2464
182
352
2384
1172
312
1716
2620
1945
1731
416
871
1593
495
279
1276
2566
115
2293
2153
645
1682
2458
138
292
2362
2313
944
1765
499
1241
2136
2456
2242
2700
2546
1803
1076
573
1427
1156
2081
2389
2285
327
725
1294
2514
2468
2161
1375
2492
969
1083
1162
170
2543
1993
1761
1020
2097
1287
2164
250
1128
2380
892
126
584
1624
1381
2144
1463
81
558
491
2474
1876
2434
954
485
67
623
1288
897
894
909
2420
108
2022
392
2114
2034
1742
2697
2069
84
2311
1733
1372
1347
1838
513
2221
1614
1722
1512
976
76
639
2416
1133
697
985
325
1910
1938
71
1458
1507
4
1403
248
62
971
1899
2234
2076
371
1506
105
2241
2558
1086
23
1907
1240
2590
637
1978
777
852
1419
2421
347
2425
2654
1983
661
1660
2292
2698
913
869
1714
802
1759
1291
48
2078
2532
1901
2166
917
1857
1942
1868
2669
1982
557
1268
2301
2461
280
2578
841
117
1934
185
2294
289
2706
2310
1046
2151
679
1552
984
1154
2635
1483
434
643
2399
1621
486
1385
1695
951
2482
150
2052
30
1350
1735
2465
116
1233
256
1699
2593
1416
983
1976
799
1040
583
1148
2447
2184
1989
783
1617
806
593
166
1152
534
1302
2656
2359
2369
1584
1752
981
2245
2303
1210
582
1368
1155
1680
1640
1854
2520
1556
1002
1212
2091
222
543
13
1278
1126
1194
817
2061
245
1033
32
2645
928
634
1214
2074
1377
858
683
479
2473
937
991
1855
445
96
947
2060
1263
2299
1877
1653
2319
1498
2123
825
883
1804
482
1209
1648
1348
927
2484
1426
1642
1568
2131
1401
61
2122
2057
1707
612
1248
2308
2372
2364
1635
603
1101
1345
1698
1317
1554
2665
172
901
801
1420
2466
1475
1626
986
2338
2276
64
66
785
1089
1987
2403
1537
992
2556
1674
1413
1496
285
259
1121
1534
1354
580
1125
541
221
2658
454
313
835
862
1882
2471
2231
2415
457
1570
2692
2544
2070
849
314
302
2009
1837
1301
1489
1726
1370
1234
426
1721
1208
2649
1073
756
335
509
1
432
433
1061
1528
1622
2158
1434
86
195
2149
2096
1445
1010
2339
1085
1620
2079
2602
87
521
1486
216
1569
1944
1519
2650
1776
2663
598
2045
2195
2253
1686
2194
106
1428
1165
1292
2142
1259
156
893
29
165
2527
1151
396
2126
2032
249
1011
1327
1312
2188
2229
1071
960
1226
585
1578
1244
1955
196
2640
119
2132
1849
2450
1442
2668
1679
654
2587
1596
1082
2291
2217
2617
1429
224
373
1275
669
2106
2365
1180
2636
2609
1515
425
213
21
1779
2209
1845
1573
1816
1349
1782
1616
1253
281
294
804
671
1183
16
2666
385
2647
367
2
688
936
321
1975
1193
2536
306
552
277
132
1228
1768
750
562
2051
247
1632
567
563
773
1841
1316
1625
1754
274
882
186
1438
305
566
739
2179
500
37
128
1137
554
455
502
298
548
650
551
24
45
2406
2309
239
2150
252
588
446
370
575
1711
1540
699
1192
1687
875
2432
1443
843
466
333
1703
2018
2408
2586
92
656
85
2027
210
2442
1780
1599
564
1202
34
463
2014
1012
82
1979
657
1447
1217
1791
63
1957
1649
2430
2368
465
2551
1828
1859
451
2687
1378
2412
460
1557
1213
440
1314
1736
1299
764
2086
1984
1558
2613
2702
2604
2082
714
2519
1544
2047
55
811
1277
2058
970
2363
1690
1965
2296
789
2316
2286
2116
2659
2688
2269
1232
2133
1030
2170
1473
727
1035
1054
681
1958
1257
1594
1717
2249
1391
982
757
1333
390
1523
1790
2205
191
1371
1930
1096
1850
2257
1911
1565
1541
2429
2512
765
243
329
1334
2667
1009
1184
209
880
2277
1495
1131
2504
2641
2055
961
1392
2630
958
1588
129
1404
2564
1917
237
2130
2165
856
1799
2065
1311
2302
1159
1279
755
1206
475
2280
1834
1880
1408
2479
2104
1734
2250
42
1737
2261
1826
1943
2251
1743
1518
1204
1474
602
1738
1572
11
1685
1840
415
1985
1018
2039
2001
833
1330
2478
1205
965
2379
546
1216
2264
744
1362
1178
1878
1369
1127
2518
1890
65
2541
1980
1905
2252
361
2638
2516
780
357
1650
803
228
1034
1439
1466
1134
2470
902
658
1219
1563
2003
1775
2317
290
22
721
1663
141
1380
793
265
2254
1580
2332
938
493
2600
1130
2206
1530
1603
2664
1691
1175
1836
1261
2643
2202
372
974
1409
1476
1832
1070
1946
380
2646
2271
343
1142
1305
240
1638
2103
2703
2177
995
1441
846
1745
1921
2490
1807
100
1099
2637
2515
2446
120
1730
1729
1646
1715
2204
2554
1575
1063
1839
1117
1303
2705
38
2089
1114
1140
1756
1771
728
1207
1590
2200
1249
1139
1973
406
828
1285
1258
2223
201
1591
1037
2176
80
487
2594
570
1493
1450
121
1382
2439
1405
1579
626
19
1094
830
676
2263
665
779
1700
393
613
1810
160
1562
2505
146
531
2606
112
1538
261
2162
1480
2044
2117
1773
2358
2304
1664
975
144
702
907
2499
2642
1200
1022
1825
1960
1462
336
258
1606
2013
1374
1017
1952
2043
561
1751
737
1592
263
407
1509
1794
2236
386
2352
1644
1356
2683
2340
0
2281
2041
2072
1072
1067
2068
2247
469
1798
1169
829
572
2707
754
542
1524
355
1196
1245
1753
630
187
110
912
31
2507
1431
72
946
587
1788
254
2409
1623
122
2433
782
2562
611
1090
719
703
1820
1896
1119
2678
709
553
1068
1732
1490
2373
354
2454
547
925
820
1454
948
341
2615
1251
919
516
1341
268
2611
1272
350
383
1645
2486
2542
1307
2336
282
1787
1254
1247
545
1398
68
1770
8
2119
230
1488
2500
1547
906
1634
97
1464
1059
705
234
1145
439
1284
2154
179
718
2414
1701
1320
2686
1494
2024
528
2026
1265
366
1246
293
579
2306
2020
2400
1066
771
2413
2191
2533
2049
1822
2239
2029
664
212
1851
918
447
939
2351
2621
2203
2095
745
908
2567
1041
526
766
2385
2374
746
458
1499
881
2084
2186
2681
340
101
878
1846
720
2056
2046
1315
337
519
384
1990
2112
1667
920
1709
1652
1879
609
2243
2574
980
2576
1998
666
770
2545
874
1157
444
1470
297
206
1615
1891
1116
716
1044
1229
1057
480
1655
153
476
845
2553
812
320
2224
2279
2631
979
1043
104
2537
1293
1056
1932
2599
2105
399
420
2256
346
111
123
193
962
2386
1895
408
1915
1031
2370
1365
59
1149
154
899
17
1889
1947
1935
1517
1461
1446
1996
1564
2530
2672
990
708
2387
872
2410
2278
1710
2445
394
1914
1903
338
1118
2680
2497
1672
474
1021
2143
2033
2042
404
1718
311
1457
214
2684
443
1893
2275
241
1190
1526
2676
58
2349
2610
2125
2469
2337
1262
989
1058
1633
397
152
2582
2523
1042
1203
198
867
1676
622
1970
1817
315
1867
2107
2178
1112
693
1250
7
2501
360
1266
409
1612
1359
1968
605
2344
1778
1869
1188
2608
2674
77
330
576
205
1600
304
968
2212
2147
2258
2181
1038
1243
1387
628
503
1323
1005
866
1298
604
2625
2233
368
2552
1318
202
840
1080
90
890
369
1887
631
175
2557
1604
238
351
257
1195
1997
930
1725
731
2270
1487
2595
1088
1511
1811
91
668
217
229
949
730
2124
1352
839
1818
873
816
2090
1384
2390
527
2691
1328
685
2262
1966
978
1451
233
2648
387
677
1795
28
810
1093
1051
2603
494
363
805
1772
