1683
208
1173
2467
2367
1567
2483
251
453
2110
1618
1712
926
1924
1986
624
1433
638
2690
1705
1500
1160
1187
1339
1607
615
436
535
1824
1269
9
497
2145
1003
2059
798
1658
2273
2354
382
1605
1550
1827
1566
861
2054
1388
1026
2015
2329
2004
1164
1092
2423
2685
1702
885
1360
1400
574
317
1361
424
1006
78
2326
1025
2327
1197
1019
1309
507
932
287
2508
722
381
296
977
2495
2695
1888
20
1823
54
1273
2487
1678
1104
1505
555
848
227
378
79
1329
264
2555
1492
2618
1521
1875
2225
1237
700
987
1800
2323
723
161
2443
2677
170
2002
2375
1287
1335
513
2097
2592
2235
1666
339
1681
2167
401
1168
1427
2138
2698
996
1064
2464
2699
888
250
1525
1397
2546
442
2434
1347
2588
697
1749
896
851
2463
976
2474
1240
2596
276
1906
944
1777
802
2127
637
1759
725
105
352
2531
246
211
115
2159
131
495
532
1393
1731
2660
2108
2366
1856
248
2285
1338
998
2017
1868
2161
270
84
2384
2288
2094
12
1087
869
584
1083
759
1201
1983
917
510
1993
913
1899
1403
2076
484
1852
2025
2341
1926
2140
2661
2654
99
280
1922
5
1898
871
2559
48
1894
1982
1908
1294
1375
1415
704
2266
646
182
1372
619
1635
2656
594
2568
1107
2137
1111
1248
303
1048
1695
1621
1368
96
222
2399
441
75
634
470
183
643
947
670
1453
2184
2645
454
1877
434
1354
1707
2123
2484
2060
1570
1033
288
2622
245
1752
1617
1407
2665
1138
2299
1680
923
1904
2466
2037
1665
819
231
1155
1951
2581
1084
1345
1542
2157
1163
981
825
2607
1210
414
1047
2502
1626
951
1212
1101
172
937
1860
1040
486
2128
2245
862
1355
1648
1882
1350
1126
1465
858
1001
1429
960
224
2534
2636
428
87
1528
29
963
158
106
1961
1489
1720
302
1781
1651
2158
1165
2070
1679
1442
1721
2032
1292
1370
1061
1177
849
1955
2539
2290
585
2045
2106
316
2189
2149
1301
2009
335
195
1071
344
178
837
2190
433
307
1180
509
1
396
2472
738
1741
45
1841
1012
298
85
39
2027
2536
691
1213
1253
1957
1546
1228
1560
103
650
1632
252
2305
385
2437
657
1758
506
1693
882
548
35
502
2666
621
73
870
92
21
2586
1459
460
1616
1975
1540
568
492
370
274
656
1557
2209
306
148
552
554
197
412
2628
1828
633
1859
2408
63
2222
846
1142
1159
2202
1207
1689
2211
1205
2003
1467
1959
1565
1110
329
1441
2192
1206
2330
2429
1784
1663
139
658
2133
717
2504
1946
1319
974
1219
1577
1069
935
2490
1395
65
475
1305
2638
1943
402
813
1274
2479
1131
1060
1474
2271
2704
1362
1277
1729
265
1688
1950
2103
727
2205
1571
1432
2237
1167
764
1391
1311
2563
2519
1743
2516
2082
237
1216
1371
2039
1140
2564
934
1334
2598
1826
900
1965
1333
1662
1481
2130
1745
2104
1099
860
606
1153
1917
1018
1832
1331
2703
2193
2206
1603
1734
2199
1984
1696
2379
2316
1439
2255
2139
537
602
2086
1638
415
1303
1839
2554
728
53
448
943
2641
422
1850
1016
2013
531
269
797
2085
930
2304
1144
474
2383
1080
1657
1488
605
1115
2615
1028
2612
1664
1022
1398
2283
1970
437
1243
2505
673
458
1418
1037
1359
678
2542
687
2275
519
461
2336
146
1817
754
1179
2632
1851
524
1891
542
2281
1464
1044
1668
234
693
2201
180
1902
133
202
2050
232
572
1421
2574
337
1435
2639
1874
0
2143
77
2270
946
175
1042
766
753
526
1307
912
1472
350
829
7
447
1283
2533
230
1090
1493
1766
545
1200
547
816
720
2314
241
2400
1929
2056
595
2090
1146
1266
2355
1811
737
2120
1724
830
1245
592
462
28
709
1966
297
125
1203
919
1055
179
1873
203
1760
2260
2452
1718
2230
2538
1508
2373
1056
1772
1996
19
751
2021
1656
291
1384
2095
600
346
1788
101
1821
2619
1787
779
2358
2072
685
1313
866
2579
579
821
1382
1700
72
2567
1562
834
187
356
413
362
2409
1023
283
708
1601
978
1057
2500
1342
444
2601
1067
2044
2552
664
2498
1801
1188
193
504
2268
990
2608
2648
2684
1031
2540
1887
123
397
949
349
1430
2256
409
80
2203
2029
469
814
1043
301
2185
724
2049
1953
667
1411
200
2325
2571
1457
1538
1814
1896
1770
2382
46
2026
2522
501
315
610
1005
611
1968
2112
1997
1520
2155
1604
1806
808
796
2517
2642
1606
710
2005
1267
130
1692
1510
847
2053
1863
2356
1576
2475
732
924
1364
2182
2331
1468
2092
1270
319
1661
1786
2345
591
1260
794
1095
2350
1235
514
322
2098
1296
1310
2242
2000
2529
2679
2114
1186
850
107
1714
1506
1901
1437
278
2577
909
358
2590
1436
1357
2510
777
467
485
2022
1582
641
1742
1078
985
1381
4
468
2348
1723
1276
1504
1086
2377
557
2558
713
2461
13
2052
32
1843
2465
994
690
1122
2294
2556
2338
2038
147
2215
64
1531
1497
541
1496
445
679
540
1640
534
1317
2131
1653
2074
539
1259
2282
2300
2126
86
1519
2450
877
1578
2441
1956
432
707
165
176
1085
1182
1011
1515
936
132
2442
1378
490
843
321
1599
2411
879
1979
551
1529
451
2412
2551
1585
1440
167
1954
757
2102
854
2077
129
1070
191
2232
240
1396
2317
523
1883
1351
1670
1796
1737
1178
2001
1598
1404
1063
910
2302
743
1563
856
1790
1225
1184
2030
1890
1117
1098
1218
1113
1466
755
1330
1771
2541
10
122
770
2041
1923
2178
2381
702
604
97
2121
1600
1041
2621
2105
2683
229
1494
914
1633
1066
1820
1356
1229
1774
696
676
258
2611
399
2263
194
1947
17
2570
1998
890
58
59
1932
878
2228
368
1120
1406
1118
1927
1490
1591
1645
388
867
2422
487
703
2393
1093
1295
1697
1068
1778
2340
1511
2227
391
2549
2119
1652
840
26
782
2176
1461
1637
899
2378
190
747
1709
2109
2344
1967
2342
2168
1853
1109
791
865
2040
762
1469
2623
2080
1027
2560
308
114
1708
421
2360
1124
822
517
2657
1858
1189
859
25
2324
1833
1199
761
1280
1074
2134
159
2511
1322
1962
549
1918
255
795
1727
1456
2198
1762
334
672
1460
2481
2455
508
1174
2476
518
740
2346
430
692
151
2012
1198
640
1848
2418
836
635
2246
2391
2644
2011
2675
931
2696
596
2297
660
164
431
2528
6
2627
88
140
1166
109
1522
778
786
56
1671
2006
2548
1181
1223
887
2066
40
1062
400
1135
1337
522
2180
1238
2315
1227
1861
267
1792
1386
853
2509
1191
1862
1739
1586
1561
177
438
2580
1358
2067
1032
2036
52
569
1132
1053
299
1363
695
2156
876
792
375
1161
1343
1290
456
911
1964
1444
459
1024
1105
98
1808
2694
1170
181
1050
70
1514
1669
560
2583
2073
1897
2653
2172
481
242
2028
525
1482
955
2210
2651
884
1390
2320
2633
171
967
1835
706
2113
1748
618
1306
1595
957
323
418
571
199
1647
556
903
2197
2099
2141
767
550
614
157
2333
2689
2146
1185
488
1000
1491
1004
790
2031
1449
1484
1236
89
577
1900
2425
647
1934
1507
2153
1097
1548
347
41
1613
999
1764
1268
325
2301
2573
1829
2069
897
729
1992
2148
2064
748
772
1654
715
1716
969
1463
326
855
2008
2219
491
742
1532
1838
623
515
419
1324
2088
1942
2700
1419
398
2016
1479
2468
1941
2575
895
279
292
1241
185
1158
76
2293
1682
905
2404
2566
1029
1527
1991
1765
2578
2506
1909
312
2034
787
1614
1478
1857
95
498
2292
929
952
1013
954
51
23
661
1803
971
1713
2287
1549
1945
1747
1783
1608
1503
894
2318
2115
2362
1660
2693
1994
852
904
2561
639
1020
464
1937
2458
2421
2389
429
2241
1978
1938
1977
1425
2063
2136
27
1757
2144
1308
711
1619
108
973
392
1913
1802
1156
1076
137
1995
1876
342
2697
81
2428
2420
2164
1255
1147
67
1761
2669
2419
332
1128
327
371
889
2620
915
2166
1172
416
1988
2492
573
1543
2416
1458
1414
2682
1722
62
1602
2524
1933
2462
452
218
2460
1336
1972
2380
2401
2417
1624
950
376
2343
2313
2543
1545
1108
1502
1870
841
2456
2169
1288
1162
945
898
1291
838
776
632
827
1593
74
93
1907
1133
2234
684
993
2221
345
1141
642
2160
2208
117
138
71
1555
94
324
533
1512
511
275
2634
892
450
389
499
2311
423
2514
1015
2081
2532
2488
260
1326
768
2525
126
155
1733
2078
788
1842
1910
558
1641
891
645
783
2447
300
1215
991
582
262
2565
2593
760
806
166
986
984
1855
2010
2395
2048
225
649
1089
2585
2062
49
1413
2244
149
2276
1039
2658
2359
2289
2310
928
1568
478
289
2692
1152
2616
2635
580
831
2614
479
1987
1304
752
285
2626
629
2319
1483
2071
449
686
578
1148
992
1121
2075
1636
835
1367
1498
1804
1385
983
1642
1574
1420
1154
1552
2605
44
284
2597
581
150
883
583
2035
1475
1584
2057
2371
1892
927
2122
818
30
1002
1553
1989
256
1194
1534
1706
1416
1699
1278
901
2364
2403
2520
1554
603
1401
2482
2398
2231
1348
1830
1448
2544
215
824
1412
66
922
61
1426
1209
1556
2706
1854
2489
2151
1976
1302
221
2471
2415
1513
457
1214
683
2547
1674
482
47
1046
543
857
1535
1344
259
2303
801
1698
2652
2308
2061
612
1123
69
2473
266
1233
1377
1597
1864
1537
2091
593
1735
799
1263
50
2369
1125
313
1809
817
318
116
2372
785
236
1805
249
1686
1486
597
893
156
1226
2668
2291
1609
1434
1256
196
1073
1275
598
2663
2253
2365
1102
1271
2229
314
2602
1151
2550
1234
1007
1596
1750
2195
184
1849
2426
1297
1881
2431
223
1819
1010
348
2312
1944
1919
756
135
2217
654
2339
652
2649
521
2142
426
1312
2650
675
1627
1963
1622
216
2640
997
2527
119
2132
2424
2589
1445
1327
1081
1539
2436
1684
379
1082
1620
286
669
2213
2609
136
2240
1008
735
417
2079
2100
1837
2096
2171
2194
1569
1208
1049
2587
2188
1587
1726
2591
373
1244
2617
2449
2493
1428
1776
2163
2485
2150
749
1845
465
1768
455
220
1183
2647
804
333
1816
128
644
2687
118
186
564
2183
2453
472
734
473
807
500
653
1316
16
566
1314
1780
2007
477
988
2406
1438
483
410
82
471
1791
2174
466
247
3
2430
34
1192
733
563
1443
2309
671
2480
37
1649
239
1573
2
565
1217
636
24
446
699
440
162
2207
305
294
559
601
775
1137
1969
463
367
173
2179
1581
295
210
1643
2018
868
1625
277
1703
1711
2432
567
1202
2494
562
2444
1687
1376
1767
1754
281
425
750
842
2328
2014
213
2118
739
2051
1447
1349
57
374
933
1779
588
1844
1045
875
1782
773
60
1193
688
2368
1589
2629
682
575
2655
2295
1717
2196
2058
2101
2643
2702
1673
1096
1836
1114
2252
2170
2600
1925
1872
956
273
833
493
546
1572
2065
1650
2111
2257
209
1905
1143
290
780
961
1694
2515
357
1175
1065
2518
2116
2659
2347
1030
2521
1495
959
1009
1719
2470
1232
189
781
1685
811
1834
1940
1332
1353
2353
880
1931
1740
1380
1831
1035
1775
163
2152
2667
2673
953
689
2361
1756
1930
309
2216
1127
2407
1590
2296
1728
1715
1736
1286
1106
1264
1690
2200
2512
1518
2277
1130
1544
2624
372
1299
1675
2261
2274
2267
2254
765
38
2220
1261
1204
2087
2269
1476
2264
2165
243
1530
168
2688
1054
1257
2173
188
2334
1136
714
1036
964
2089
1631
1880
1410
2630
1799
1077
1533
403
2646
1628
2280
1369
681
2047
1424
1455
769
1646
972
1738
1325
2478
2613
2446
1971
141
2265
2402
803
1409
2705
1408
2248
11
361
1985
2238
380
1911
2204
2392
1536
721
1921
1224
343
1231
395
1730
530
1139
712
758
2250
1691
1878
2286
938
1392
2226
1558
1221
2259
1973
965
145
1379
982
2664
1769
228
2298
789
1980
2604
2451
1807
1611
538
942
42
1797
55
1594
844
1034
2055
1840
800
100
1999
966
970
1958
120
2251
1230
1785
390
1516
2332
2249
1575
1249
2177
2396
995
958
1541
219
940
902
2637
1936
1588
1279
793
1134
2175
1523
941
1580
2363
815
22
1473
744
2125
1547
14
1284
730
784
2672
1795
2440
705
174
293
113
630
331
2469
1289
1471
599
1129
1196
1405
1446
1254
1094
2397
1017
439
2486
1847
668
845
1865
369
18
1949
1893
480
2439
15
476
83
2553
626
570
694
43
2701
1293
254
1103
1454
384
206
529
1014
516
908
91
2043
553
1753
235
1452
1450
989
1394
527
1298
406
662
2513
207
2147
2385
360
1246
980
2224
364
2676
2042
2584
359
1149
1169
272
1075
144
1171
503
726
1813
1051
2678
102
2352
1300
1112
2129
1912
1374
698
405
1282
832
1928
1176
1623
587
823
387
2394
2278
677
663
886
622
2306
1903
253
1559
1145
2535
90
201
2262
812
2388
383
1399
1340
160
311
864
1751
1629
1517
609
2351
2670
920
1659
1939
1815
1100
1250
1763
1211
2625
1272
873
589
718
2357
1285
2212
1251
198
1952
330
420
1320
2093
1383
631
805
1091
2405
1564
1725
1088
1644
2239
1195
2410
680
648
863
528
104
2707
153
268
741
2187
2445
810
1639
31
134
169
2594
124
354
338
1485
2603
411
719
1704
2491
1592
2107
1262
1612
659
1265
2562
1789
328
1755
1914
2438
363
2284
1793
351
1346
366
1242
404
1389
2243
2496
1365
2576
2454
204
925
1423
2374
2020
1509
628
1710
2499
607
2606
2279
2321
154
1672
1825
1451
1634
2154
620
320
1701
1615
1948
590
1480
1524
616
68
226
2526
1583
2572
2507
874
939
1746
263
2390
608
2135
489
505
1812
1021
1667
665
244
2307
2457
586
736
2236
1220
2435
907
1551
152
576
205
1526
1885
2414
1150
2370
561
1422
2477
1818
1116
1744
2247
2186
496
1119
494
1935
2191
36
353
1884
1402
2117
2671
1798
2019
1321
386
377
2681
282
1258
820
2349
1895
143
1222
1052
310
238
1059
536
2181
1867
918
2569
2386
2337
2662
355
1810
1373
1252
1773
257
809
2124
2214
1990
1794
1462
1079
121
2376
2610
214
613
839
617
2582
112
2162
1869
110
2674
2523
746
1879
393
408
261
2433
2272
2537
2530
2680
1072
674
1974
1677
975
1822
1470
1487
731
427
1352
1981
1886
771
872
2387
443
745
1247
1846
336
763
1655
544
1579
1889
142
1038
212
1871
1387
921
2322
1190
341
627
407
1610
2084
1630
2448
2413
435
1239
774
1916
2691
1417
8
2557
625
1281
1501
948
1157
2459
2068
512
828
1499
1323
1341
1318
1315
962
217
271
1915
1328
192
2258
881
1058
520
2686
2631
651
340
127
2218
2545
906
1732
916
666
2024
1431
968
2503
2335
1477
979
701
33
394
111
826
1866
233
1960
1920
2595
2083
2501
2223
2599
1366
2497
2033
365
2427
2023
1676
2046
2233
304
716
655
