1792
2011
761
109
2696
2690
1566
1468
1647
436
164
2391
2627
1510
267
497
322
556
660
624
1786
308
171
424
2481
1739
507
1181
2145
518
334
400
1026
2168
287
1237
2618
2156
2320
1862
2210
2555
1124
1521
1269
1678
70
786
514
1197
1388
1361
78
1705
1661
2273
1918
1074
421
1469
431
1004
2005
2367
614
931
1712
1492
1280
1309
791
456
1198
1267
2113
2467
2054
2476
522
2509
1505
1185
2360
1310
6
1227
2475
1025
481
1875
847
569
1062
1484
692
2623
1595
2172
2455
2110
2182
2675
1164
1187
1605
279
1852
1713
1641
1992
2341
398
2697
1765
275
1507
1868
292
645
51
1900
1545
2221
2153
776
76
270
2634
67
1357
623
2293
2081
1926
777
99
2596
855
2682
998
376
1393
1993
852
2575
1087
711
2114
1294
619
2343
1619
511
954
1624
2463
1898
2161
584
1991
2377
2318
1326
2164
1463
999
1894
1548
2679
2127
491
1415
772
2474
358
137
452
2384
12
84
2566
2577
2241
1020
713
276
950
1757
467
788
898
1906
1722
326
1347
2543
2699
2456
429
182
2017
827
1525
1899
1937
723
93
841
869
485
2144
1288
1733
2529
1414
1527
1502
2525
2514
1276
218
1335
2311
117
1582
646
2669
1291
389
2460
347
2698
817
2289
1148
2706
1542
1345
2075
1665
1699
1498
2048
1597
313
1046
256
593
986
303
543
1854
1830
1453
64
2215
1648
760
583
69
1354
1317
222
449
1513
2399
1302
486
1121
2061
1214
1233
1706
266
2157
2052
1617
2593
1033
1407
1047
1122
479
1194
1653
1951
1154
1805
2544
2614
1556
1123
1465
1636
862
594
1367
150
1698
1304
1355
951
215
785
225
581
629
1642
981
2151
2137
1248
1574
1377
1368
835
434
2605
1155
819
49
1049
1750
963
1244
2527
1082
2449
2171
1539
2100
2229
2106
106
837
1297
2195
302
2450
1434
417
2188
585
178
176
379
707
2096
2609
1721
2587
2650
2194
735
156
675
2190
2045
2339
2493
196
1071
1849
184
119
756
1651
2668
135
1956
2534
316
1
1327
1686
1585
733
73
3
1193
565
1687
552
1816
882
868
564
568
1979
1557
2655
1137
1438
657
656
500
57
321
1969
2453
506
502
306
1202
691
1045
374
1183
682
333
773
1859
1957
1459
490
2027
936
1316
933
1791
1841
2494
132
274
16
34
2183
2174
1828
82
2586
739
1741
167
281
367
562
633
804
1975
1035
42
1371
781
189
475
2407
2206
2316
764
55
2030
2512
2277
974
2077
1558
1131
1590
1036
755
1826
1311
1439
1392
1611
1303
1143
2087
943
1305
1351
2130
2504
941
1098
1565
361
2082
2518
2058
2133
2248
1391
2173
803
1481
1577
2202
1728
1663
1931
2379
1409
2478
2396
2598
815
309
1878
1516
1139
2643
811
765
1872
2446
1099
965
2192
22
1890
530
1261
769
953
1690
2104
1980
1395
900
1127
961
2259
1380
2199
1930
2280
1796
237
938
2211
2152
1016
1232
1921
219
1940
1113
1729
1096
2554
1106
228
758
1638
1790
1034
2264
1117
2175
2216
1396
1467
2392
1715
1580
813
395
2490
2269
854
2332
793
1950
394
2218
1664
36
111
1652
2632
604
751
696
1129
2351
674
1952
2041
1928
1817
1116
2056
1477
320
1634
576
2085
291
1038
258
1052
443
693
753
1873
2686
2388
204
524
2642
1293
19
2378
595
2707
1564
1179
622
1398
439
59
2440
2549
1915
2042
716
1895
746
1150
2275
579
203
1794
330
1766
2109
1818
805
1446
2340
283
489
377
2013
397
293
1884
1480
2625
1043
1744
235
519
1996
1902
1402
1923
1298
1511
528
832
462
2352
1284
812
774
2683
592
458
153
353
2678
80
340
975
1820
771
829
2029
2496
1245
1932
2181
2023
664
2227
2321
1022
797
2049
2676
630
1394
198
269
2611
18
724
350
1323
741
1981
1243
31
413
2357
2615
1285
1579
193
122
2552
708
244
599
2576
899
2540
1677
881
354
2125
874
814
311
2322
2671
698
1042
2120
0
1037
2107
1417
1770
2691
2608
2155
2639
828
655
206
1778
1406
663
297
272
872
1787
2201
154
1656
968
1547
1094
1320
144
1389
207
1091
587
1806
2024
33
2314
1352
665
2185
2409
1916
610
611
2258
2325
2279
369
1146
620
437
906
2336
867
779
217
232
1668
1220
1422
2033
1341
980
2497
1423
2610
1788
1583
2571
821
2619
2203
873
2020
124
1851
2400
1939
271
1058
2498
2373
2337
718
2272
2454
2021
1318
1772
2542
924
2326
1514
555
9
1104
1863
865
1702
2080
596
2487
2036
1236
1586
591
2651
2040
2198
571
1482
2246
151
508
2689
2342
1853
1329
2350
157
130
926
159
1808
767
895
641
2561
2588
2148
248
2620
442
2235
1172
2660
2025
2524
2008
2458
1777
1749
345
2034
1425
971
2419
1913
787
312
2288
1982
1013
725
1141
332
985
499
2464
996
929
107
161
1375
416
2208
2097
1626
2299
2607
540
923
262
149
318
2471
2656
1348
30
2403
2547
61
643
806
1413
578
2489
2645
2231
47
1344
172
2568
539
470
1892
877
2539
1596
654
373
1486
1073
1684
2636
1010
158
2436
224
2217
216
2290
2431
136
37
1711
294
1560
471
2647
472
2536
1228
671
1012
252
1349
1378
455
2442
734
1754
750
1599
186
2630
1279
1836
415
1334
1153
38
343
1571
2704
1230
2429
1769
265
958
743
1140
1466
2255
717
833
2261
972
1785
390
1404
1973
2271
940
2001
1219
1958
2646
982
1333
2363
2604
1797
910
1523
1745
1927
1724
1452
2535
2574
2469
1948
1251
962
949
736
726
2507
840
383
1773
709
1490
625
301
2522
1485
476
1079
469
359
17
784
1431
2603
1821
393
545
2129
830
1812
461
1725
214
2270
2439
1704
2393
1998
531
1629
2147
1005
2233
1471
2684
1520
1825
310
1920
1315
676
1374
1295
366
907
304
487
1746
685
705
1789
405
886
2545
2410
1990
127
91
1801
83
444
2283
2390
1701
687
1092
88
1692
1173
382
2653
40
1024
2583
2418
2067
955
2004
1160
1962
1522
2694
762
822
836
549
299
1174
2059
1364
1444
2031
615
2012
794
264
977
2092
2528
1823
1607
2073
1858
1053
1561
560
1170
2495
535
1683
967
1296
177
1363
1762
2329
25
1273
2695
1306
52
98
1986
381
2098
1166
1191
2423
1835
2315
323
1322
453
2580
903
430
957
1386
2483
199
517
1567
2028
1888
798
2006
208
2560
1449
2685
79
672
1491
140
1669
706
2099
2356
1460
740
853
438
1618
2548
2146
1235
1576
242
89
1290
251
1671
1260
1708
695
2327
227
1132
1000
884
638
795
2324
618
2657
1343
375
1827
1964
181
1161
2066
1337
1390
1238
296
2134
1500
790
319
1199
710
1433
2197
1400
1550
732
1032
876
635
1748
2053
488
2633
1848
2644
1003
459
550
2180
2015
2345
792
1019
778
20
1824
1897
1189
1006
700
885
2331
722
1109
2346
1105
932
2297
525
255
1456
2511
1658
1967
1027
2225
1223
1833
1358
1135
317
2141
848
1360
1339
2354
640
56
1727
1270
1861
859
2508
911
2333
861
1924
887
54
378
1050
574
418
1095
114
1064
1978
250
1593
1240
909
642
1934
637
557
513
515
2323
1988
2558
325
1372
661
1255
2375
917
41
2000
2159
993
2421
2425
871
62
2693
1147
246
1922
1478
697
1907
324
889
742
1941
27
897
1614
2661
352
468
2700
131
126
2559
1308
639
1942
748
1723
1078
2546
71
2420
1133
2592
759
1128
170
1731
1029
647
2219
1654
185
2366
1186
2022
1857
1083
1543
1504
1108
2234
1336
1403
1381
1532
1608
632
1972
95
2461
1201
74
2160
2492
896
888
1512
1503
1783
1287
1747
484
1427
48
802
684
2488
838
558
280
904
2064
976
1983
1666
1995
1933
278
211
2416
2417
1436
729
973
573
2404
1876
2506
905
2167
944
2140
1681
1156
2169
894
2578
1338
1842
342
1324
892
339
1158
1397
915
715
138
768
2108
1802
2088
913
2016
2078
423
1908
260
1437
577
704
1870
1800
1613
1479
2462
392
327
1555
2362
2313
1764
2531
851
23
2285
419
2434
2287
1168
401
1549
2389
987
2654
464
1938
1761
2002
1015
1994
1909
1716
1829
2242
105
1901
495
1086
2443
1803
1714
1268
2063
5
2301
1977
2380
81
2076
2573
2069
1910
2266
2348
155
4
510
371
2401
2292
498
2468
115
2094
1097
2138
1660
1602
945
2136
1076
1458
533
94
891
1419
2532
1682
952
450
1742
1759
1838
1945
850
1241
2115
1856
2677
532
969
2510
2428
108
2166
2590
1162
1506
1426
752
1553
1420
690
1735
1976
612
13
1537
1138
818
2484
2466
927
1496
2060
1674
582
2565
2395
2447
2658
2057
236
801
858
2308
2359
683
883
2091
2372
1621
2665
2465
289
901
937
441
2482
183
1483
75
928
1635
2473
1534
454
1809
857
457
231
116
478
634
1107
1554
670
1989
1584
300
2184
2244
66
284
2128
1448
2556
1163
831
1680
1535
2310
2597
1860
1804
2038
1401
799
1568
947
1552
2123
2520
1882
2502
2415
166
2074
2369
1001
147
649
2338
32
1263
2585
2319
983
2692
96
1855
2071
603
1640
922
1126
414
1209
2616
2652
2035
1212
1531
482
992
824
1752
783
2303
44
288
1416
1904
580
2622
1048
1877
1215
2635
2581
285
1101
984
994
445
1210
245
2245
541
991
1987
2371
1084
1089
1707
2276
2037
2010
2398
1843
2131
1385
1412
1350
1475
2364
1864
534
1695
2294
1152
2626
1278
259
1497
686
1125
2122
1039
2062
1002
1040
825
1570
1111
679
221
50
1429
1180
1720
1963
1061
1819
2426
1587
1609
1519
1569
1442
509
1489
2032
2617
1445
1837
2591
1528
2663
286
1301
997
1428
223
195
1578
2132
960
1226
1726
2163
2126
433
428
1177
893
1102
1271
1275
165
1259
669
1081
396
2441
1919
1679
1312
2640
432
2142
1182
1085
1007
1234
2240
1955
1944
2282
1370
307
1620
2365
1165
521
2213
344
597
2550
86
426
2253
652
2070
87
2149
2009
2589
314
249
2424
849
1208
348
335
1011
1151
1256
598
1881
2189
2649
2291
1776
2079
1961
1008
1292
1627
2158
2300
2312
1622
1781
29
2602
1632
385
220
738
2411
566
247
2629
2328
1443
2480
2628
63
1314
2222
1779
2406
492
621
410
1573
477
843
601
699
162
1540
2309
197
213
559
24
879
588
775
2007
85
2412
460
39
412
298
1253
35
1649
1643
440
988
554
2687
2179
2051
173
2207
210
1693
118
548
2485
60
1192
2305
1954
551
1616
148
2444
1782
1546
2472
463
305
2430
1767
1589
1447
650
1845
2018
425
1217
451
1213
842
1581
1768
2368
688
636
465
370
807
1780
103
644
1758
875
473
575
2118
2666
749
567
2408
2
1844
870
128
1515
295
1440
653
2551
2432
2150
466
1376
21
1625
446
1529
277
563
1703
483
45
2437
2014
239
2209
92
1831
2637
1588
2541
1077
1224
2451
789
757
1424
744
1689
1299
493
2353
53
1216
2286
956
1009
1784
188
1688
1572
1840
2302
902
1925
2249
2334
2515
2232
964
2003
1110
1136
856
2116
1231
1070
2165
1575
1850
1756
1130
1775
1544
1167
1628
1441
1218
2638
2519
1936
1563
1734
1325
141
2667
1603
1432
1063
402
145
1030
129
1257
1691
1369
1985
2330
1743
1207
2200
2274
2613
1476
1330
1204
2267
2170
2102
2237
1319
290
959
1541
2193
2296
1717
2047
2177
1685
546
727
880
860
1221
2705
11
448
1999
537
1905
2702
1362
538
1474
1696
2564
2703
240
2065
1134
1473
422
2039
1331
2402
1880
935
1142
1799
1740
523
1598
658
800
2664
1178
2470
1353
1065
1594
2204
2055
1670
2086
2226
100
689
1839
1332
2139
1184
1650
2295
1286
721
1274
1675
1495
966
1533
2101
1965
1069
2347
1946
2254
2238
602
1737
120
1971
1738
209
65
1943
1018
1631
168
1205
780
2103
681
1834
372
329
942
2251
844
273
1225
357
1646
1673
846
1159
163
1694
995
2624
2298
2111
1911
714
2673
1206
243
1719
728
1736
1114
2361
1917
403
1277
1536
2521
1054
970
1410
1771
2600
1730
1959
2317
2265
712
2479
2205
2257
606
1984
1662
2089
2196
1175
2641
1530
380
2563
1408
2250
139
191
1518
934
2516
1249
1455
2220
1883
1060
1832
1807
2688
1379
2252
1264
2659
673
2422
1072
2533
68
1229
1810
1196
1885
263
180
2582
2537
362
2358
925
1517
1222
238
720
2569
2256
1120
782
336
2084
609
2223
2278
1637
1272
1383
979
1887
346
2262
542
2374
2526
2414
338
355
1211
796
201
702
2355
1281
680
1811
388
200
2570
1313
2105
2517
946
2230
226
1755
2191
1462
990
1966
516
1974
1405
572
1508
667
627
2523
1488
1169
386
766
2670
1710
2491
1149
520
2121
2281
1464
1342
1526
1869
1667
494
1889
916
364
202
1774
504
368
1145
2599
694
2154
2413
2621
1430
1195
2176
406
1551
526
590
2572
229
2247
666
134
864
1538
1454
1399
480
1200
1144
90
360
501
503
1813
1075
212
1203
1188
826
547
420
1283
1242
2349
1997
1968
2433
113
2438
1421
46
2119
1524
1509
1112
659
1472
146
989
15
363
2579
2263
570
187
978
179
2284
2459
234
407
1289
1090
2435
1451
169
404
2672
2499
719
1239
2304
834
152
512
626
2631
2382
2162
1470
1623
72
337
2046
233
1606
268
2445
8
668
651
2083
190
1119
1017
123
921
1822
1190
104
2212
1258
1633
1612
605
331
2186
617
1947
1418
2674
427
1657
820
2124
1057
253
1846
1655
2680
1501
1328
2243
2394
2307
628
2095
315
745
1387
607
2068
1814
282
2228
1366
1601
1815
1659
1041
1252
1592
1672
939
1103
930
2448
408
1949
496
1411
678
747
2538
808
1494
356
58
1604
1282
1171
77
254
553
1891
2344
866
1014
2093
2072
2427
703
1935
2239
2553
110
2370
2019
1250
1384
914
2594
763
1115
1615
2606
2562
2601
839
2505
816
589
1346
230
2224
1262
1562
908
125
2335
1896
754
2026
1067
1600
2477
2044
1028
2503
529
411
43
391
2214
2530
174
97
1912
2452
1265
2513
2457
1247
101
2405
1630
1732
1867
1591
26
28
1382
1709
2376
1795
349
2567
341
192
1080
241
1610
616
1359
1793
561
2383
2135
1763
2681
7
328
1055
1697
1307
2306
435
1066
142
1088
10
1118
919
1031
731
918
2612
1559
2486
920
1760
878
1914
1246
112
1751
631
2236
2381
2584
1499
2260
1300
1068
810
730
1700
1100
143
701
257
2187
160
1340
1044
1953
2397
600
2387
2648
648
845
102
2050
1365
823
399
1487
1866
351
1847
527
1753
1893
1493
1886
1373
2178
1645
2268
536
133
121
2112
387
2662
677
1798
384
1157
1056
2143
863
1266
2557
544
1457
1960
1321
1903
1450
1865
1871
2117
1356
608
365
737
1929
1879
1461
1021
474
1051
2595
2500
409
14
1970
809
1874
2385
613
1644
175
1718
2701
890
912
1676
447
1023
1059
2090
2386
1093
505
1639
586
770
205
948
1176
2043
194
261
662
1254
2501
1435
