3109
3206
732
175
387
1572
898
2104
2029
1392
88
1554
1186
2619
2579
2543
706
1073
2808
2686
766
1739
743
93
2031
1969
2669
3289
1805
416
3293
2476
378
188
3196
1733
2551
612
2524
2
669
3264
2761
1881
3225
2012
274
2940
1993
1844
324
1334
621
2202
2238
2127
515
168
410
954
2086
778
2558
2755
1184
1245
2288
1411
2909
708
3022
3004
73
1262
2727
3272
906
1832
655
3184
3286
3287
3069
331
1159
1741
2928
2223
63
2790
2544
2140
2671
449
710
1913
308
2310
1402
687
78
1610
3194
2180
797
2195
613
1452
2548
2842
1849
1936
505
1506
597
2948
1084
1847
800
1111
903
2002
728
1509
232
1524
1417
714
54
1855
702
1954
1631
3104
2425
2343
1431
2818
2043
1076
2699
556
883
352
1218
1215
1977
1277
1637
1957
870
977
1562
1813
3010
637
18
1474
3221
2292
1326
1271
932
738
1311
2616
2495
1033
3048
391
1204
3019
3046
2189
2134
293
762
567
3065
1937
922
2448
1836
2153
1090
790
1113
1166
2296
301
385
3012
1354
1789
1335
2258
1531
1256
540
579
947
2836
1918
1660
2910
1464
944
3223
1094
1521
3208
1020
563
2656
83
2112
1525
2771
1890
1026
1068
1132
1939
284
494
542
2662
2932
2259
550
1385
194
1450
2752
2450
879
1868
430
1322
397
319
782
2054
2562
1684
2207
3131
1921
3075
1515
2951
487
342
2252
605
856
1780
991
1325
519
745
1826
989
694
2408
1283
2798
678
452
3148
1685
96
2203
1027
68
974
462
2066
1693
1419
1164
455
2657
2606
476
1162
584
2261
763
1077
783
531
1488
1615
3165
1272
2100
2464
1710
1170
3139
1686
1472
2977
552
2275
1926
2266
3159
2214
819
2055
2028
2177
1683
2931
259
1418
2601
469
1309
587
3200
133
2819
1919
3304
92
371
3047
696
245
658
671
1664
163
1359
1899
1479
1699
2233
2554
2465
1174
2119
2446
2409
1254
1428
1263
1557
3020
261
864
1259
1579
483
983
2373
3045
277
2062
1269
1526
1577
23
2228
1366
2813
869
1600
2369
1523
309
2015
1030
568
1707
386
382
1966
195
845
1413
1405
1240
2321
2865
2805
2936
1258
1062
2431
1850
1106
3144
1754
1459
1933
1743
362
1180
2276
3168
2581
279
570
1382
2937
512
2996
1550
713
901
61
1243
407
1659
2559
2250
2022
1973
3128
1601
2103
2268
174
3172
1285
480
196
2984
3227
1089
100
459
2867
786
2876
1490
1975
177
1193
2890
2924
1375
1179
759
1246
255
1460
1563
233
1624
2552
3002
2697
629
458
1802
1544
1119
1608
2875
155
2700
2256
2371
1368
2878
179
781
2778
1746
3323
2605
1987
3037
164
2651
2291
1585
3270
2148
1205
2470
1908
1928
273
1614
337
1091
973
2322
448
413
2041
422
3111
1618
753
345
699
866
861
3269
3297
1320
2374
2399
840
3240
166
1495
2888
6
1355
1770
2580
1638
2762
1289
2793
3322
813
2438
1864
1175
1799
2350
2894
1882
889
665
1406
2469
1887
2323
976
2144
2598
1364
1317
1497
464
25
677
1974
2444
2675
2475
529
1950
2597
705
894
1681
127
992
1576
2507
3034
1740
559
2782
200
2829
3175
2715
2506
1989
1996
2485
2226
1112
2073
1898
446
1194
978
586
693
2129
1136
369
2196
2061
311
75
981
1006
704
2650
2253
1284
1054
30
143
886
3115
2690
2418
1853
2759
124
213
838
930
444
2797
193
680
2853
2622
2641
3093
1663
2362
551
1214
1292
1005
1570
2826
2573
3198
2356
2045
1605
3100
479
1956
631
724
1923
180
2429
2124
1484
1641
607
1878
1800
1057
42
2968
2247
1229
2151
1703
2786
2033
2862
434
684
1176
1232
1161
2417
373
2846
590
1761
609
1483
495
907
1895
2502
1541
2404
1034
2668
1517
929
2282
850
206
1342
1281
2142
2137
2234
835
2021
807
719
436
595
2217
909
1535
2183
2728
2150
2828
10
1024
1064
1349
895
2483
773
2303
996
184
1351
1962
3290
414
238
1927
59
880
433
1935
543
2585
1640
2542
14
146
1696
1208
2125
2097
1818
224
1647
1181
2091
157
1952
1807
1943
2538
1234
51
577
2586
695
925
1862
1394
2107
424
2903
1695
1051
3126
1003
1747
2615
1942
650
2695
297
2708
534
2379
2172
1061
3199
2906
3256
2050
3192
2004
1056
398
1636
208
3016
1458
1872
2707
2229
2570
409
919
1223
1275
1080
1146
2917
1338
1955
477
2101
1217
3097
2966
1944
1145
2751
902
2800
1224
2795
2365
2849
1750
1347
1306
3083
57
734
2587
537
1539
1182
2998
2546
2501
1873
513
2131
2445
2593
358
13
1626
3021
2136
2972
102
2944
3088
2617
2834
1666
739
2175
1688
1451
1876
45
1548
1732
2201
132
104
517
750
1690
1444
1313
2037
661
355
1602
1861
1432
2712
2384
1153
3268
1547
3072
507
2584
1305
1925
1206
2840
1197
282
3308
1843
2330
3067
121
1163
3096
1527
3142
1556
2526
138
2533
1738
767
140
1662
1461
2536
2018
720
3320
718
717
1396
2873
2349
2947
3261
2791
1378
2271
1169
2213
218
646
1801
945
2985
2702
3279
2289
3127
1350
3207
2647
2272
55
2395
1764
3181
758
2642
1329
3321
2781
635
1249
888
3042
1846
2644
2635
1393
1934
2194
3154
3177
1569
3161
1127
101
1795
3292
2851
110
2986
3130
679
2265
3081
2126
1866
3163
399
815
672
1028
787
914
1374
2789
2989
113
1959
1978
3309
2156
1069
1564
2547
2788
1704
3135
805
2553
3085
2454
3133
2864
1835
2677
1291
1391
2987
723
712
1711
3180
2505
990
1701
892
76
1712
106
1984
2807
1798
244
3303
1677
3193
560
2191
222
1287
1589
1053
683
482
44
1383
1856
1863
2923
3015
1675
1611
2218
1931
1808
1421
1822
338
214
2171
3152
191
2071
1095
1123
52
1286
873
1709
952
3156
1196
2274
3113
2267
2941
1729
3
1652
2693
1542
3107
2815
419
58
1735
2383
1116
1771
1477
893
411
774
1478
1390
2731
1423
1505
182
2163
272
1293
304
3009
2816
2608
2278
205
610
2578
1586
1303
2030
1098
3318
854
1045
1854
3077
3117
721
3217
3125
1516
1110
573
911
547
751
2995
3284
1280
2609
2472
2560
1270
652
1571
1370
541
2437
3189
2687
3315
1042
1213
2105
2309
2053
2803
2629
1603
2460
217
1555
0
280
1940
2036
874
1773
50
327
2539
2787
1436
170
2590
1025
2114
1212
3129
2372
899
1017
1407
2722
2515
275
498
1173
999
1260
3226
611
1058
1781
761
491
1806
1830
1400
2363
2284
1346
1395
530
390
2458
2908
120
544
2757
1705
1211
3025
2178
1165
664
1960
192
2422
2925
2820
857
2870
3263
3209
2823
2406
1422
1758
2886
3141
1593
1333
2999
2024
1198
640
1751
2860
1612
2427
968
521
2185
246
351
2935
27
154
965
220
1257
1015
967
3149
2239
428
365
2224
460
1625
1635
1010
3098
2396
2473
662
322
1697
153
1643
256
2577
1734
3070
2331
1128
2534
2264
3262
2307
1859
2199
2765
320
2382
645
3078
2919
2117
3087
2812
1341
2960
2988
581
1723
2891
1591
490
1814
211
2048
2081
2198
1144
2582
1951
2532
1719
1901
604
1115
1665
1481
2236
1105
606
1623
2108
20
2884
403
648
514
248
2633
1140
3040
1997
370
2457
3054
518
103
2118
984
971
2970
2569
867
868
1575
2044
3306
848
3176
2489
1454
2658
1653
727
204
3179
2758
126
653
1964
890
2855
2083
472
1574
2922
701
1279
3134
2016
160
846
1143
1632
1661
830
3132
3205
2732
1604
3251
731
1441
3044
368
3298
554
1749
2680
2368
3277
167
1055
2160
949
1363
2367
2857
1744
2943
726
33
3053
511
2128
2077
1241
843
354
2550
3271
1782
344
1904
3003
2754
2222
754
2879
1903
3049
1667
1134
156
777
1779
1815
1905
2094
236
2138
1762
3110
2929
3249
24
225
3285
2453
2724
3050
3195
689
26
2347
578
2084
2725
1745
942
384
1345
765
1796
602
1250
1101
792
1553
2313
2549
3188
2095
643
473
1083
230
3035
1137
1694
2231
722
2143
3174
2072
656
1138
2975
711
380
139
3032
2974
447
1172
746
372
22
2001
1037
1074
690
3005
1983
1646
3155
933
37
2567
2877
2939
249
1726
2769
884
3102
1628
1125
1151
2969
2670
2541
1737
2006
2096
632
2692
3036
21
1487
1235
2482
1790
2512
2600
3201
2885
474
3106
697
833
3064
1401
1048
3108
227
1721
64
1244
2169
2982
2667
844
2958
2225
1141
1274
3276
2666
2492
1687
1649
1769
1858
254
2378
539
2468
784
1447
291
500
3006
2500
2767
3056
1063
1892
1491
538
2978
2400
2197
2366
2345
1930
2748
3278
2746
1168
1356
943
1906
3267
1543
3052
3089
2082
2010
1316
618
2672
1968
3219
1772
2090
3084
1237
185
674
2561
9
2306
2979
3248
2607
2568
325
3105
2773
938
90
685
1728
91
252
623
190
330
3210
2603
2155
1433
1191
3001
1845
374
3220
1588
2058
497
305
323
2733
3326
832
810
1715
2772
1496
2186
3160
3055
2949
1139
1507
1783
546
2042
1308
266
2027
2067
253
1613
3103
2747
2563
1809
1784
349
666
3007
2243
1227
3011
432
2841
1568
3140
1199
2566
508
2983
1820
958
1489
2531
545
2602
212
97
1388
1778
2945
383
2902
1221
1085
376
1645
173
1870
2973
2631
809
808
489
634
2611
2739
1620
28
1410
698
1435
2681
1907
2726
1857
56
2215
2913
740
3153
2078
1988
379
1522
2344
3029
2157
1239
2918
2315
11
1512
1147
3216
130
2463
3215
2844
2740
316
2251
2441
1851
3231
1318
215
1416
1842
1004
3068
647
752
1247
62
829
226
1302
17
203
2643
1970
1103
234
1310
2318
3211
1018
3018
3060
2316
1002
1465
3157
654
2025
412
1678
2810
1032
1446
2817
853
1756
2335
1278
1791
1052
822
582
2179
1231
1700
3295
1265
3017
1573
478
1886
555
86
1985
2734
2301
2911
504
2220
2673
2346
924
317
516
2721
1629
2901
1102
1545
2074
84
2210
670
2440
1498
1788
1000
1415
2327
1817
3244
1449
3166
359
70
1107
1380
1324
2612
3317
2835
2646
928
3288
2513
802
171
2449
2610
441
638
2255
1485
771
1332
332
959
392
265
2529
920
2249
339
2950
1656
2713
2514
1946
80
1442
2154
3146
36
615
2411
1765
780
1565
811
2730
882
1475
2679
1387
1039
405
1654
2921
2085
1210
742
1225
1425
2763
2814
2391
2120
1087
159
1679
2729
1129
707
1307
2809
3119
1426
2132
1990
3299
2750
1200
3241
676
1135
566
1437
2832
3218
642
2065
2898
283
1727
294
1924
176
1932
87
2312
1315
3273
1829
2963
2496
2845
475
2557
795
1536
859
2486
1797
1046
649
1578
2920
1233
1691
2069
3294
641
1049
3252
1014
923
736
970
3253
2965
2776
1072
915
812
3257
1595
798
1716
2339
2212
285
3282
825
2262
47
2447
2661
2452
526
1323
465
228
1992
178
3118
865
1753
957
485
1220
440
3314
562
2167
3026
2245
1455
2993
300
564
1082
2240
2246
442
2059
860
425
900
333
1865
3232
484
2005
3120
3147
1999
2009
2337
927
429
2430
2899
393
1914
2689
3039
2451
1785
921
624
2314
3202
1596
2034
32
969
2184
1945
142
2837
2295
729
2497
1949
1634
1561
1187
596
524
2007
496
3204
682
343
1953
1774
1203
2954
3164
172
1267
2340
1689
1409
3062
3101
3185
1369
986
628
2799
675
2174
3000
131
1158
98
3094
598
2436
1581
2385
2477
1403
576
1377
1149
657
2801
2102
2779
2375
2766
1379
2325
463
2905
1236
2896
3222
2273
688
2377
2410
961
1981
3247
2357
1330
186
561
1948
764
1414
910
1513
1530
741
1848
3116
2079
1360
1314
1088
1971
1884
2462
1038
2123
1155
2480
1958
904
2419
2494
2326
2545
2386
1222
1680
2237
3187
1510
659
806
2087
3190
3275
3158
2308
420
2352
950
241
2684
1372
2158
3302
2535
1671
2354
881
593
4
2093
148
2099
2467
2442
1066
1448
1650
571
1776
663
288
3167
2904
1621
1819
955
2159
2895
1114
625
2333
39
592
1519
454
187
1178
716
2380
2701
2660
2804
134
1821
2738
620
488
510
2232
2173
1755
1036
871
2297
1079
1912
1120
855
3162
522
2020
1468
1298
1669
1717
1171
199
3099
313
1560
1471
2583
466
1109
2749
667
2698
357
2588
2652
2737
1445
1438
2796
2938
356
2304
2394
2364
2219
202
310
760
1860
1078
1319
3138
3122
2540
2342
77
3191
3260
935
636
1424
2376
2743
1706
400
2571
3259
1787
2946
1867
2916
1823
885
1528
3145
2780
2192
250
2439
3169
1824
1874
1486
3112
105
1494
3258
183
268
3255
2555
2209
2624
862
3239
1702
1412
3265
3023
1376
1365
536
89
94
2353
891
1810
2413
401
38
2509
2393
1133
3170
2685
2017
2305
467
2320
278
2484
1827
1397
2723
2294
8
2216
841
2334
1099
2866
431
2351
834
964
608
756
260
1947
2359
290
2434
1633
2861
1328
35
1537
2106
3238
2510
3092
2696
1420
3071
2897
3171
3173
757
2883
565
2760
15
2997
49
2019
913
599
2403
1261
2881
3095
1916
1086
3242
3324
1674
1500
306
1619
1001
3224
791
353
2794
2341
1504
2389
1429
3124
600
603
749
2576
3233
877
940
1381
219
1514
3008
2358
135
1915
2654
1044
1672
1404
1075
3312
457
223
2388
3182
2848
2392
1929
66
2874
1331
286
2260
2959
402
1070
1900
3038
67
2688
2208
1384
1594
136
336
776
575
2741
1373
1361
264
1673
1081
2471
785
2889
2511
3301
3203
1253
1108
1192
876
2302
2827
2777
2770
1839
2802
1885
2623
2455
2994
2508
2068
189
1100
1499
2626
2076
2490
267
2717
953
972
1567
2783
1470
2200
2594
2735
2300
3313
3061
905
2281
2466
2361
2405
2257
770
851
3013
794
2824
1731
2235
691
1724
137
346
34
3114
2764
2370
229
2206
2205
1725
2859
616
549
2649
1226
2474
296
394
887
1301
1130
1607
799
1503
733
2023
1343
2967
2952
2286
2047
2934
2311
2277
2869
2961
931
557
2397
2254
2139
2912
2663
1189
963
125
1511
3086
31
1668
1480
2013
948
1299
1427
2166
1296
307
2655
298
439
2336
2070
3150
1986
492
2665
302
2162
1430
1658
1590
2204
2825
962
1122
2971
303
744
875
2481
1476
3014
29
2599
2927
1540
2630
520
1961
1357
1443
2116
2720
1622
423
748
1786
314
1533
1013
994
2639
40
916
1008
2664
243
775
2621
2774
3266
2830
2211
2736
2401
1386
2887
1834
908
289
2057
1920
2676
2522
152
60
2719
1879
263
2319
2064
435
69
985
366
2520
2435
2528
1910
1630
1812
388
1252
443
1336
231
1126
827
1976
1389
1273
1816
2398
1803
377
1777
2415
426
1757
1290
1980
1708
1580
2926
816
350
2290
361
912
2063
144
3030
2839
2032
2821
493
3281
2230
468
2122
532
1767
1238
1965
1609
686
395
2420
1300
1190
1825
1219
2443
941
79
2181
3136
1546
406
755
499
2784
2426
1828
993
987
2880
878
2625
2843
1763
2678
2523
1760
2298
2115
982
1118
147
1439
1398
2270
2882
569
1880
453
772
2182
1648
2718
3027
580
2640
1558
2165
1050
872
1312
1195
3028
417
1644
2775
1831
814
2113
681
527
1453
123
2299
1811
363
2049
2293
3186
1440
1883
937
831
2785
48
169
966
1228
630
2242
1040
1071
2991
2637
2051
1877
2521
839
1230
3073
1399
1157
2847
340
1995
2121
1096
1242
1012
161
585
3043
936
3316
2060
12
2110
1117
2596
2221
1150
2003
1657
3307
141
917
2328
3033
1297
1582
451
548
2744
1202
619
299
2564
2575
3280
347
1248
1288
396
2518
2488
2822
53
1599
181
1362
1041
2638
1264
2527
2146
897
2714
122
2244
1492
1009
2390
197
2011
235
295
2324
165
858
735
1617
2147
847
16
321
2574
2421
709
2868
242
2416
2792
633
2279
2592
1994
617
622
162
528
2487
258
501
2892
2424
2360
329
535
312
1902
601
1408
3079
3228
271
1154
2141
1022
503
2130
2285
2537
270
1720
1482
1209
3229
2161
975
2348
3236
1337
3319
2691
65
3024
438
2858
210
2428
1639
2414
151
1896
1093
1065
158
627
2831
292
72
1713
415
2806
918
793
1642
5
240
2705
1592
509
692
2135
2046
2980
1167
2914
946
408
1007
2056
281
2811
836
824
328
2092
1124
1875
1344
533
558
2248
1104
1456
209
1131
594
2075
1097
3066
3041
1160
2572
1304
445
1736
149
461
589
2109
1598
364
956
1321
2976
1473
2648
3291
1251
1462
1518
1766
1718
1201
2089
2595
3254
99
1348
46
3059
1692
239
502
486
988
2456
207
3283
737
3243
1294
2423
456
837
1840
1493
2317
715
2387
1016
2039
1047
3245
3183
939
2498
823
3300
1021
1282
574
1584
2706
2618
572
1606
700
747
1035
979
2461
1367
995
591
1991
660
3213
1552
1352
1353
3197
1894
818
1463
3031
2176
2900
1156
367
2872
3090
1938
2838
1670
2499
95
852
3057
3076
145
150
81
2955
2493
2355
2164
2710
1793
588
1177
2962
404
1742
2703
269
1871
335
1833
730
2381
3235
821
287
997
506
348
1852
796
1998
2591
1651
1011
1059
2636
1963
998
1529
2516
1587
1327
2145
960
1922
318
828
1559
2026
2193
842
1775
2517
768
3091
614
1
1266
3080
2187
980
826
2168
1185
3051
1979
2942
803
1534
3058
779
1897
2152
2504
1837
804
1627
2402
3246
82
2519
1092
1682
2981
2459
2742
1152
2933
1655
2854
3074
3325
1804
3143
2964
2035
1941
673
1067
2478
1759
1188
1768
523
2704
237
2432
2768
2000
1502
2856
2040
221
2014
1216
2709
2850
1889
2170
2653
3311
2227
3178
2038
1501
788
3137
583
1043
725
2871
2711
3234
1838
668
1434
1358
418
2589
315
1255
71
2052
1121
3237
849
1583
1748
43
1019
216
381
2632
1722
896
2893
1023
2645
41
1207
644
1730
2433
651
3151
450
863
1972
2756
1841
3082
2098
2503
2188
703
1029
2329
2149
3250
334
1917
1869
115
1909
108
817
375
3296
276
553
1467
2565
2088
2634
85
2190
2407
2604
2080
2479
1794
427
1520
1616
626
2133
1339
789
934
1911
2620
119
389
2525
2852
2957
2338
1698
1597
2412
437
951
2682
257
2659
2930
251
1183
1340
2674
111
1060
1538
1469
2915
3305
2992
1276
2683
117
107
481
639
198
2613
1508
3214
326
1891
2556
1714
3123
3274
2953
1676
2833
1371
1142
3230
421
360
926
262
2694
118
128
471
2269
116
1792
3121
3063
129
1982
1268
1457
2753
3310
112
470
1893
2530
2332
2491
2111
1967
1566
247
525
109
3212
2283
1551
801
2745
2280
2628
1549
1888
2287
2907
19
7
2614
2863
2263
2627
114
1532
2990
1752
1031
1148
2956
341
820
2008
74
201
2716
1466
1295
2241
769
