1507
2725
2983
2563
1737
3102
2043
3155
3011
1345
2171
2029
2197
1977
2568
1728
697
188
139
1184
167
1729
1687
2094
330
833
777
2579
384
410
88
2084
1506
2367
3184
432
1286
508
942
903
2366
539
2975
380
1241
1815
1809
949
2453
883
2072
2169
1083
710
2001
1218
1822
3156
3303
2476
230
44
3036
1892
933
1796
830
1820
2524
3108
1675
191
3109
778
91
766
2857
3193
2928
3225
2195
2058
2724
2095
505
1661
2607
3104
3110
2727
3251
632
2512
3205
511
2671
1139
722
33
1845
2842
3287
3
1363
2243
1356
2672
253
1489
3089
325
2
746
500
1611
2492
546
1196
1141
2548
2223
2425
244
1073
3174
52
2699
3206
78
1137
2127
1957
2877
2138
2773
1159
3276
832
1739
846
90
3160
3201
2923
1808
2345
344
2772
3004
743
2949
1509
300
1129
1318
3139
1387
959
2557
1170
721
1710
900
485
2814
2713
2836
3299
2251
462
920
3318
3211
2661
1780
1307
1615
1283
1200
2902
584
3257
652
811
567
1571
1836
540
798
3125
1465
430
2210
854
771
1826
1302
1418
2662
3068
2411
2215
1110
1087
379
2059
762
1488
1945
339
2030
1370
1068
2408
2005
3017
1932
579
419
1817
234
1536
1311
2646
3284
1045
970
1521
333
2602
2771
2918
1425
1072
564
226
3317
1727
1999
2346
3216
745
285
3166
1970
2495
2496
2911
2965
2616
47
2312
2529
228
317
385
1771
2383
1596
2344
947
2337
1426
3075
1756
829
2910
391
1472
215
1210
1475
566
2611
1545
3039
70
1098
1315
1857
2832
1515
2275
18
3215
1525
1225
1842
1765
610
3295
56
812
1280
2292
519
1522
736
412
452
1256
1684
1325
2845
2055
28
294
2189
425
194
1939
1693
2065
2448
2730
3147
2391
2763
1239
494
476
2739
1103
605
2913
2066
316
1027
393
742
1413
785
877
2804
3224
1664
3145
1746
2651
620
1770
1331
571
2260
2894
2571
155
2866
50
1915
901
1149
1634
1346
2757
1381
1490
1975
2041
3138
813
659
2419
2827
1058
611
345
386
2413
277
2878
1973
2465
306
2294
1114
1436
2333
1885
2888
1471
1513
2325
3269
598
2865
189
1395
89
2409
2439
163
1560
3094
1810
3171
290
1486
2469
1916
3297
454
3169
955
1173
2015
327
2777
3302
1319
1025
1933
1563
2232
2687
881
2358
1155
1120
6
343
2410
1823
2540
1089
904
1360
2936
35
3260
3037
3323
3185
2354
466
2954
2904
2480
2654
1608
599
1158
986
1702
1621
1377
1420
2276
889
625
2357
1382
1298
1555
120
2105
2020
869
1884
2623
2996
275
1091
1424
2916
3002
402
1638
3062
390
1882
1079
1211
913
1406
3038
3128
2389
496
278
1500
1192
1175
1948
2605
999
1689
2079
786
1368
3111
2148
1414
3204
422
2802
2749
2334
3122
976
2007
2994
136
2273
2341
1624
699
2159
2192
1958
2114
3008
760
2867
2123
1412
1577
2510
2322
2458
2394
565
2323
3239
15
741
3170
2308
357
3190
457
1514
2371
177
268
2959
2462
2144
2722
2801
34
2577
1761
1517
2235
2122
1956
966
770
2211
51
967
2311
1117
2051
1040
981
2444
1503
1540
377
3307
1228
125
2045
2147
3030
551
2270
2718
3198
2129
2230
2200
532
2290
267
548
2254
2759
2664
814
243
2206
3209
1010
2070
2820
982
1647
351
40
719
347
1008
146
1708
1767
2991
60
369
1013
3061
2064
1281
1630
1593
2390
543
1484
2475
2485
2967
2328
2665
296
366
30
992
141
2676
2886
1096
835
908
3043
123
479
2024
1663
2057
1807
1724
193
880
256
704
684
2124
2277
1234
2782
735
2226
2247
361
1558
1290
3100
2821
633
1427
322
2204
1248
2521
681
302
1994
1920
2638
2507
184
2824
206
748
807
2049
1643
3186
153
1995
492
238
3086
3033
2538
1009
2121
2481
2264
69
1288
2282
3290
2626
1497
857
2422
1430
2181
1751
1898
414
941
1974
816
1006
2862
1800
2641
1962
1625
229
2527
2663
2825
2401
1760
346
755
1208
2298
231
3027
794
12
340
1763
2370
1351
894
246
1492
298
1658
1923
2597
2421
1128
453
434
1668
590
1034
2490
3316
29
2961
2575
1177
2428
2964
318
1104
2445
1160
1145
828
627
445
717
2850
601
1313
1713
2584
3078
2840
1021
1529
208
2947
1518
2791
2040
1804
2360
2384
403
1665
2176
240
477
2118
1651
779
209
2135
2572
614
297
1255
1583
461
730
2456
979
3236
3229
2591
1461
2432
1862
1575
1056
2617
1224
1047
837
1719
2355
1306
1197
1876
1922
2056
2349
739
55
3261
1902
2532
1163
315
1347
3143
503
3096
1720
3088
868
2141
673
2101
3054
2751
3127
1938
2914
2856
1011
2589
1182
269
2709
1626
151
1873
2387
956
2633
1502
668
3279
644
1843
2582
282
2000
1092
1872
2873
1941
737
3079
589
3040
2038
604
1105
2795
348
1007
1742
518
517
2806
2710
1889
1462
2026
211
3245
2229
20
988
1627
1738
661
1115
65
2872
2906
1556
1623
1955
971
2536
3080
1352
3076
404
1093
3308
328
1223
3320
145
2653
364
767
836
3142
424
1022
158
43
1305
2944
1023
1840
1666
1067
824
1897
1998
2658
1142
1888
2956
3296
3161
817
3305
2287
2280
126
113
1127
2241
1701
2188
2190
1374
2008
2407
276
109
1371
19
2505
1569
3179
1711
1538
1329
3063
2930
1616
257
990
914
3085
1393
2133
108
2265
2627
2620
639
1279
472
114
3042
553
1467
247
2990
3180
3292
890
2992
703
2659
129
1029
1984
1339
2565
1469
2525
341
2986
2332
1148
926
2987
2126
1835
1566
1183
2953
2716
1653
2338
1667
1968
2885
2012
2225
1496
308
2979
1904
291
1431
1048
2974
3277
497
2549
1632
2667
3285
2042
3267
1613
3006
556
2096
2909
2140
2143
560
3272
1721
1095
1487
1881
1930
2769
349
873
1783
938
2238
266
1844
3326
2551
870
843
2600
3064
1237
545
1562
2950
1147
3012
178
2750
1303
2246
2463
3046
783
1926
1924
1247
1231
2167
2810
1113
2335
2835
1390
2252
634
974
2240
284
2245
893
1293
3314
97
2134
1270
3077
1735
1890
96
562
1446
2931
1442
1309
1686
1474
1578
2963
1324
698
3146
1018
738
3304
1004
1032
3223
1778
751
2752
1618
192
2723
1459
1523
1180
3238
1953
1981
561
2937
603
458
1409
1494
39
2700
665
1263
0
2890
94
1519
1075
657
2698
544
749
3203
195
2908
491
2889
1773
2905
675
8
1260
1289
2256
2881
1246
1706
1213
1205
940
899
781
1171
2511
3045
2509
2178
1460
1650
2309
2515
356
1672
696
273
1407
2102
834
841
862
467
1404
1042
1659
1961
1883
2253
1181
1607
10
1453
1264
1996
905
1935
147
1989
1357
677
3141
2774
443
1910
2324
799
2418
180
2151
2185
2021
528
851
2443
1399
2139
1696
1439
1296
2091
3136
307
428
978
1648
2869
1071
2859
724
1214
2166
2398
2839
350
709
3262
2797
948
936
451
423
2417
1816
3013
1499
2183
2097
2473
2675
580
2868
72
588
1019
2812
207
1121
1901
2161
2145
902
980
2330
1434
1559
45
2035
1539
1833
1655
1695
312
2046
2117
572
2236
41
960
700
804
2615
1275
1750
3058
150
2164
221
2919
320
216
1378
3268
13
1766
2712
2537
3087
896
1217
1722
842
975
1837
583
2546
768
3016
138
1852
537
2080
3081
1532
1454
74
2781
399
1031
201
2907
117
801
2556
1794
110
2915
1549
112
1574
204
2503
3134
111
427
820
2283
24
2031
93
711
2274
2818
714
2666
2669
3007
2306
1287
1745
1604
1168
1628
2067
1402
3056
2603
515
1235
1568
958
1779
1903
175
1227
2543
2368
3105
1726
844
324
374
473
1316
2940
1931
2343
2006
754
1855
1244
2077
2400
64
1905
156
2090
222
2733
1308
1186
1543
416
689
1411
1652
1733
1277
2841
2347
1744
2010
685
2128
372
3278
1993
3044
2378
792
3107
1245
1610
669
1983
73
214
2482
1274
2808
236
1053
728
1553
1913
1906
447
2958
797
3248
1694
655
884
578
1741
2027
1936
3188
2939
22
2692
690
2567
1715
2566
943
1849
2732
378
2468
26
323
3194
2288
3196
1074
952
1572
1172
2619
252
1199
3049
1782
612
2943
1784
1554
554
2180
1631
2767
602
898
3005
2082
3103
2155
2267
3035
9
2686
2231
225
1847
1262
2313
1215
387
1055
3050
613
1588
352
3210
732
2941
3152
185
3053
977
538
3003
708
1649
254
706
1491
1151
338
597
1452
274
232
168
3052
3132
800
1101
2746
3286
2160
1749
3271
3113
1447
1856
3298
683
1123
3140
3289
2222
1637
731
1125
37
3001
1063
2104
2755
2754
1433
2544
3264
2982
1772
2879
1401
2693
621
1334
1858
1542
331
368
3084
1076
2500
666
765
1250
2680
1709
3219
1677
3220
687
3249
2978
2969
2748
656
3069
2761
1143
2790
2191
2541
1762
906
3015
702
2086
2561
2929
21
3106
3293
2002
3055
63
954
2550
3032
249
354
1832
1441
3195
784
2670
1111
2071
2202
1954
449
2218
726
482
2948
1421
227
1646
1805
2186
674
1383
1769
1037
618
1138
474
2310
1863
54
1134
3022
1969
305
810
1417
2747
1191
1524
1589
623
1392
190
2558
1790
643
1084
795
11
856
2921
1477
1992
1565
670
3159
1851
2214
2249
487
2819
1415
392
2441
694
3120
1990
547
957
729
3009
1629
1753
1949
1164
62
455
2464
1410
2643
1450
2100
649
1416
1937
2898
2449
2740
504
2450
3119
2009
265
2177
1449
2689
1691
782
2631
624
405
2132
865
2610
259
469
203
2301
582
2734
182
3294
969
1789
92
808
2278
484
860
2259
1435
1660
2776
2074
2673
1685
1907
2726
2606
2798
3148
573
1531
3202
1049
2721
3282
1678
1002
68
921
293
1791
2679
1204
2951
1272
1788
1033
1797
1271
376
332
2837
1455
2157
17
342
84
475
1014
3047
1437
2315
678
2562
859
1573
2078
2945
1620
441
87
173
1046
516
915
809
2452
2203
3019
176
2327
780
1683
1265
1988
2163
1233
1082
171
2578
1870
763
932
2184
1094
531
1985
1654
991
1000
2816
923
2295
3200
383
555
1162
1423
1700
641
541
922
1886
2560
3065
552
2656
465
2497
359
740
2314
3131
3208
1813
58
130
1595
2154
1107
3060
2844
301
3288
642
1335
2025
3165
2339
1829
2531
2261
3157
882
440
1221
752
1586
2207
1135
86
1464
2120
654
2262
1102
2729
2028
879
825
1388
1921
3231
371
1020
2296
3244
1278
1332
1090
1077
819
142
429
3218
638
2034
2977
944
2993
2995
1716
1085
1485
2069
790
1679
587
3026
542
1516
80
1052
2612
3273
637
1505
2608
2514
212
2220
3221
1919
647
526
2437
3117
3252
2179
3153
3217
304
3018
1419
1854
3029
2447
1918
924
1323
1354
2255
1220
989
3253
2085
411
615
550
3241
2440
1868
802
133
2258
822
2451
2817
2601
159
2815
2932
2318
1656
2316
1166
2513
1478
911
2681
1132
1914
2973
2920
2657
2153
2899
563
2809
1385
1322
272
1116
1645
2266
927
442
1039
319
1026
2486
1785
3010
928
2430
36
2212
1946
283
2054
1310
1865
2609
397
774
707
489
32
1326
1380
676
853
2472
3232
205
1498
1512
478
3048
2901
83
2731
2112
3118
1947
1178
2388
1971
401
1717
2741
2268
264
1372
2861
3189
1081
261
2590
260
2743
202
3226
172
2766
2874
759
1774
1038
3101
2580
636
488
2460
1544
313
1908
1824
2796
1864
753
950
1673
1601
2583
1429
608
3116
1619
2228
2696
2352
3164
1495
2685
2684
1258
1830
1369
1928
1699
1355
2297
448
2470
1781
2284
100
3129
1397
2779
2237
288
568
1940
1900
250
3312
1106
2576
840
309
1267
1254
2359
2508
3162
1165
2436
1236
1174
2099
498
664
756
2173
3247
77
1099
512
1088
1755
1017
3242
2376
2393
871
3322
2380
187
2216
179
876
885
2760
3168
2363
2386
713
2377
400
337
961
1671
67
3233
1379
2119
1776
1366
1674
4
1403
1285
1193
3158
530
1802
3324
1754
776
764
2984
166
1119
2250
2373
806
1330
2019
1243
1581
600
688
2068
2392
2896
2629
1550
2848
2351
1108
174
1860
61
3301
2403
1899
3182
2938
3025
1179
3265
310
874
2946
3095
935
1707
570
3071
1966
2399
2455
1819
663
2688
1253
593
3270
1614
280
1100
3099
105
1240
536
866
1376
2883
2438
1585
2545
3124
2554
1960
3187
2803
629
1320
1705
1561
2778
3173
973
420
2559
1030
1787
2535
2017
2484
1375
2876
2103
1328
2555
1314
2304
255
1530
49
164
2291
1827
2477
233
861
1066
1259
3255
1680
791
1887
1821
2471
2431
2762
2053
3227
3000
2799
2552
1669
1839
1510
2805
2374
463
2924
2233
3112
183
1743
1361
66
2494
1365
1929
2326
2093
1633
2372
2624
1044
667
382
1261
170
1468
279
2364
2794
407
510
1445
716
1600
2350
2581
2813
2385
413
3092
1504
23
2697
576
1912
628
2737
1557
2701
1036
1359
1528
2321
1086
2208
1203
362
522
2793
459
2588
524
2209
2375
336
148
2320
186
1428
2158
2305
1269
1062
2353
1133
964
596
2434
2446
2770
1109
1078
217
2369
1799
1806
658
1222
1848
2342
2340
1001
2106
983
3172
2787
864
1479
2652
135
2660
2467
2738
3167
2062
1987
1874
431
1579
2087
1850
3275
38
3259
1400
3315
2875
223
353
2302
219
3023
3144
98
910
2442
2539
1212
480
2022
1603
682
1384
1526
2895
592
1070
199
196
845
134
2897
3191
1187
2780
2997
1867
671
131
241
757
1373
1537
891
1448
483
1438
286
2174
855
3258
1594
245
761
1405
3240
3020
575
3222
2036
2219
2113
3281
2823
1292
1273
2846
2594
499
2637
1343
1118
1189
2116
314
2520
2598
1828
2573
994
495
1853
744
2224
321
388
1825
2362
1786
2534
622
2655
2934
616
3150
2199
493
1570
2234
1576
3115
2279
2396
1122
1734
1126
2764
2063
595
549
2860
1229
446
154
2728
144
1740
2502
363
27
875
439
3280
2518
609
2356
122
1470
1617
1986
3073
838
157
1803
3014
426
953
3175
1238
1757
1364
2792
2474
444
686
1879
577
1590
394
181
897
1511
937
2926
775
165
2971
53
1190
1130
235
2182
907
2640
2649
2925
987
878
2416
460
3070
2639
1859
1546
224
1605
1811
137
2406
2165
2887
2952
289
2717
2361
2735
1812
2690
557
2736
1483
1657
2487
1312
2060
2528
529
162
1176
887
396
2239
993
2196
1950
1622
2023
1300
1582
2205
2853
2927
1150
435
2714
962
1024
2293
436
1609
143
2073
2785
1232
2586
1389
996
1952
872
1980
2720
2783
963
985
1927
161
1041
772
1422
586
311
2542
1398
1731
2830
1567
2828
2765
2822
75
2033
1054
1877
25
220
631
1599
258
1612
2483
2466
2599
1644
1640
1349
1202
1443
1895
2843
2912
2427
1976
1641
585
2522
773
1831
1943
395
242
1301
3114
1194
930
2585
2596
1535
3093
691
3098
1252
1015
2829
3149
827
2142
2826
127
2244
2630
1050
850
619
1681
2715
2257
2300
2488
569
607
2404
2429
2870
1064
2221
2336
213
16
2506
886
1057
2281
2523
1703
965
263
295
1386
2968
839
2435
169
2125
1580
917
2784
1161
931
31
1226
417
1880
1878
630
2880
2405
521
858
909
1342
2625
733
1136
124
2331
3266
1299
2999
1476
693
1965
406
1112
1257
662
365
48
1317
520
2013
2319
2668
2047
617
559
2719
2882
433
2307
468
3263
2744
2146
2786
1697
895
2426
2592
152
847
2574
200
1242
527
2110
2397
968
680
1219
2061
1362
1195
1758
1834
2847
2286
59
2621
1284
2217
831
2150
3313
2935
2242
1818
14
929
1157
1336
2299
972
2003
2678
1230
2420
2622
2775
1777
2650
2115
197
2415
2162
912
2011
640
464
2032
1333
1480
79
373
705
916
2564
1635
3034
2303
1725
2076
1533
1005
1541
299
1012
1440
2137
1297
303
42
1198
3028
140
1131
3021
1636
3183
1501
1682
409
725
574
1527
2526
506
507
720
132
1552
1759
2187
2985
2707
514
1944
998
1152
1338
1736
2379
438
3072
2018
823
2092
1732
2647
103
1358
818
2966
2900
2988
1547
1432
803
1097
3059
1153
2198
1591
509
501
3057
3083
2136
3207
2955
2892
1206
2517
2499
3234
1458
3074
2365
535
867
292
1997
1207
826
2423
718
646
3066
1896
2131
1747
852
591
1768
1353
287
750
2570
1463
5
2838
2414
3031
1606
3228
1059
2478
1251
239
1341
734
2708
3235
2645
46
1051
502
2424
849
648
2382
398
2976
1188
796
1156
2248
2052
1814
3283
1124
2618
919
1662
1871
270
2587
3291
1016
651
995
3325
606
2800
1764
2193
2493
1282
2152
788
2917
2289
1642
2459
558
3192
1991
1493
2109
2519
2461
2175
2050
594
81
1748
271
692
381
358
2854
1730
99
2972
1592
918
2569
2981
1801
3067
1144
3319
335
2632
534
2004
2636
1723
1444
1942
3300
1456
486
1690
2711
533
1861
2108
2593
3246
1367
2201
3311
3051
3199
1875
2834
1775
2172
2695
645
2595
2998
747
1294
57
2742
102
2648
1979
1963
1216
1587
248
2942
2457
2402
1688
408
793
1639
2227
2271
1584
2168
1396
1692
2285
715
945
1185
2858
1304
2811
3091
3024
1481
2831
2893
2891
3151
1925
2970
3097
2705
82
2381
1408
3178
1065
1951
1548
3137
2075
3256
2884
2089
367
2348
149
1327
1344
984
2501
1146
2170
1793
3254
355
1894
2081
581
2272
2691
370
2037
523
95
939
946
2498
418
121
997
1473
1394
3213
2213
2516
1169
1035
1670
513
490
2768
1043
1337
3090
1167
1350
2433
2504
1
281
210
3041
1154
71
1602
2317
925
237
329
2871
660
2395
1061
1266
1140
2903
2704
1718
695
2014
1201
2933
2706
1321
3197
456
1534
2702
3243
2107
1598
2849
2039
218
2703
1080
1003
415
3237
2960
3126
2048
1451
821
2962
2130
2533
1482
104
1838
2980
1348
1209
650
2855
2683
3177
2758
251
1291
3154
1869
1964
326
2156
2088
85
1391
481
2807
712
106
2674
2614
2957
2613
2044
1028
1967
789
787
1551
2530
198
2694
525
1909
421
888
3181
2329
2753
653
3310
679
450
3250
1982
1249
2922
1841
1795
2989
262
1466
7
1597
2149
1891
1714
1564
892
3163
1798
1934
1911
360
1268
1698
3214
1676
1866
635
3176
2489
470
1792
848
2491
2479
2454
2745
375
334
1069
1972
2851
2788
3130
471
2194
758
76
116
769
1712
2263
2634
128
2863
1893
2098
805
1846
437
3321
118
815
672
119
1457
2833
1276
3274
2864
389
2553
3135
2412
3306
2547
863
2644
1917
2789
160
1340
1959
3123
1978
2628
1520
2604
107
2756
3082
2852
701
3121
2269
727
2682
3309
934
115
1295
2111
2083
723
951
1060
3212
1704
1508
101
2635
626
2642
3230
2677
3133
2016
1752
