3194
2566
1631
253
539
232
1433
3053
227
1931
1694
1906
1715
2027
2090
1509
88
2680
1076
2541
656
952
2666
1218
597
1969
1241
3184
1741
731
2006
1809
623
1790
3271
949
2029
2693
2143
3003
1191
2310
3113
2842
3105
3156
554
3015
1421
368
225
2180
1983
2974
1832
784
2492
2425
3155
2171
1628
2453
3108
1784
3160
3303
2877
2238
1125
1977
833
2169
185
2885
938
2928
728
1383
578
410
2667
1543
249
1649
2725
1143
2288
2378
1881
3193
1101
2140
2347
1815
1667
2773
1262
954
3267
2692
2579
338
2095
2733
778
2672
2940
449
2128
1611
1845
2243
2767
3069
54
190
1855
714
3220
1589
78
706
2367
3022
1274
618
2975
1138
511
432
556
1345
3326
2543
3152
2071
254
3188
1134
2086
2306
482
2857
1186
291
3264
2366
63
2058
1863
3195
2482
2610
1970
3252
922
652
707
2154
1914
3039
531
1545
573
1485
3217
92
3065
333
2612
547
3218
582
1437
970
1310
678
425
2977
959
3019
3148
2212
2448
2531
1200
1446
80
829
1797
1039
1788
2069
1683
319
1271
1918
519
3215
2993
3221
2562
1890
383
610
1094
2249
2835
1985
1322
1478
2656
1388
11
790
62
1488
3166
2810
989
3317
2836
780
2734
304
2065
1924
1354
2203
1505
2609
3120
634
300
2679
1032
2437
541
2673
2560
2296
478
2246
1710
1270
1247
1921
2315
2661
397
2497
1525
1854
1272
2112
1315
3068
2631
2028
2844
3282
3211
802
676
1946
2913
1278
1164
430
2255
1472
1068
1531
84
2898
1014
1684
1586
1565
566
2606
1450
2240
2450
2009
2616
2440
1045
3253
698
811
3017
1303
2157
2449
3060
1886
1423
1385
2295
2920
670
316
865
3047
1857
2995
555
2832
1778
293
2911
1615
550
1465
47
1498
2963
853
825
783
694
1380
545
339
1052
3018
762
475
265
2539
1420
233
2757
2326
1036
2352
1860
1706
876
576
15
3144
1106
2119
288
1537
2801
2793
840
457
187
3224
1319
2369
1436
2377
241
3323
3189
2688
1379
2462
202
2890
913
2431
510
431
2946
1070
2228
2208
1755
1530
2535
2897
1346
688
2866
3312
2099
148
2876
1514
1621
2385
696
264
845
3185
2250
565
764
2760
2471
2787
2766
402
131
420
1372
255
1689
2192
2802
2233
667
1887
196
1561
2062
1099
3265
3122
570
598
1948
759
1821
1671
1017
50
463
2509
1193
290
592
2322
741
1958
2419
2350
760
2696
386
2576
1174
1810
1874
1030
1258
1601
2652
3116
593
1746
3158
3095
2904
757
1088
1428
3162
3247
1429
3170
885
1490
2749
1409
1550
223
961
524
1445
3324
1171
2093
2895
1178
401
1405
1928
2794
174
353
2321
3169
2827
2780
1328
2409
1133
105
2399
1557
658
2276
135
2684
1673
2937
2351
904
1108
2015
2291
976
1373
1619
2232
1263
39
671
2297
163
1659
3111
1899
983
1320
189
61
2439
3233
1213
2304
1585
1253
2237
536
1884
261
1120
2446
3025
1960
3204
3138
657
2178
935
3145
1269
1867
2372
1912
2994
407
2151
2597
1989
243
622
1273
40
630
3034
388
2521
2416
124
2846
3141
580
2415
1558
3028
180
1232
2585
125
586
631
948
351
479
2139
941
1008
2488
1546
2573
1096
1157
1580
1734
3186
394
229
2124
1740
1853
16
258
25
2826
2820
1299
2912
3149
2952
1208
495
2300
468
2298
972
2361
2759
1635
242
137
595
2821
619
993
994
2785
2736
1800
395
2839
847
1229
770
1927
3030
981
3136
1122
2823
1015
709
184
1995
2073
2303
2033
1057
2719
2538
1389
3100
1962
917
1758
350
724
2639
909
1511
53
1767
2717
1503
2783
2230
2935
2328
1883
2185
231
3175
2183
2091
3014
2286
1281
2061
1118
1336
377
2577
2418
2242
936
2417
680
2076
2663
2649
1703
2765
987
662
1189
2782
1625
2675
529
1657
557
733
967
1803
1818
1816
154
1923
551
157
2125
1333
1697
2592
1630
340
79
931
1895
1708
3073
433
369
2013
14
2528
2121
521
2129
2331
532
2147
1980
2860
1644
2714
872
930
1599
1517
1238
858
235
1763
2426
963
1009
1398
2678
590
894
146
2786
2181
143
1117
1071
2919
1209
995
1061
502
2457
1145
2478
239
2382
2213
1065
1275
558
418
1529
55
2145
2516
2107
1944
648
1623
1408
715
2433
3199
975
415
121
1801
403
3080
320
3236
72
409
1188
2703
1768
3079
3143
2900
984
1154
209
2135
2705
424
2360
2037
945
2633
2229
988
477
1979
627
1321
614
216
1861
1461
1548
3243
2648
2248
2591
2933
725
3083
3246
65
1692
3308
57
2130
2052
660
1636
2498
3040
1951
1007
645
3178
828
2035
1080
43
1889
2201
1
3291
2285
1682
1655
2695
1153
41
651
2459
2109
2108
2075
2272
1224
461
2768
1942
1575
507
1294
506
796
3235
3268
297
1720
348
211
218
5
1207
2289
329
1092
1875
1748
2395
1872
2976
2917
1282
1131
2081
1764
2546
1991
1011
95
103
2595
3041
2164
3058
747
2702
1047
1456
1732
3256
282
980
1156
2517
2046
849
919
3229
1451
456
2172
896
1251
2903
1963
2456
591
3197
750
2537
1352
318
3279
102
3207
1029
76
2634
1069
2957
787
789
437
1701
2683
2851
2682
399
934
1060
2241
679
421
1549
1712
2489
3250
2642
1457
117
3212
1538
1982
712
1653
1978
1279
115
1795
626
2283
3274
2553
251
7
553
1148
3042
3296
890
888
276
2412
108
2329
1972
3292
1268
672
769
427
1917
85
334
3161
3309
2956
2338
914
1888
3176
1551
801
1393
247
1339
2953
1454
848
375
1959
2614
1841
2126
3219
1957
2077
3064
846
2042
331
903
1936
1733
191
2979
1772
2563
710
3102
2923
1646
2568
3036
2600
1954
621
933
2202
3174
943
387
1728
2790
2010
1287
1496
274
832
873
3205
1074
1652
708
2607
746
2670
3
505
3106
1137
697
2313
1053
2318
171
159
2486
2740
469
1865
2514
2344
1135
1596
283
3046
1004
1302
285
1990
2931
376
1390
1415
455
1464
1318
3146
2845
2463
2973
405
3202
1335
1090
2005
2945
1716
1107
489
2578
1562
2262
944
442
2292
642
3299
771
1387
130
1515
2034
516
393
1204
2726
391
1536
1851
3159
2646
1375
1192
1618
2651
1674
1222
1702
3302
3037
1908
866
2555
2268
1479
2410
1179
362
2114
1966
3092
1781
1359
1577
749
1025
2494
1468
2105
2359
1510
1664
1975
862
2159
874
1916
675
2875
1848
336
596
77
3240
1114
568
1377
955
682
877
1824
3172
3226
600
1205
2373
2467
1802
1119
491
6
1555
608
2158
2480
2436
1459
179
2580
2924
2216
298
875
3266
772
1290
1126
492
827
2270
1965
577
996
543
1828
1176
1950
1622
1492
2110
1288
1342
965
444
1357
1195
3013
213
2690
1617
857
609
2622
1484
147
1533
3114
1974
2362
2728
1590
1898
2764
2522
2060
1731
1834
414
363
1248
2166
499
2032
2774
2625
1005
347
719
1136
953
1050
406
1812
2825
2282
640
1724
3151
2873
3021
2039
2018
1583
2691
1766
2831
821
2811
1527
490
2838
2445
1662
1462
3088
2131
1266
2944
1718
1182
1955
2812
1059
2504
2355
2193
2000
355
646
312
1493
1666
408
501
2751
2891
1185
486
3024
367
535
1838
581
768
1146
3283
1833
1688
404
2615
2849
2617
2056
3325
1998
1723
3082
198
2503
2149
2658
1249
723
1792
1597
118
1031
1532
951
112
525
2525
2530
2758
2008
2677
1835
2852
101
805
820
128
515
1286
1199
977
2732
797
2544
372
2084
1822
2699
500
2218
560
643
3107
602
1905
1588
3248
2818
3084
1083
1675
2043
2524
1805
3277
1762
3001
1151
1277
613
2746
214
1095
1055
1904
655
22
1123
1141
2727
33
349
3225
3132
1507
1661
3272
2104
324
2549
2983
1721
91
2468
1392
1677
21
2567
765
44
2619
1037
2195
305
2001
2368
93
2225
2002
416
538
474
702
1172
2012
1913
1168
168
3201
3140
1542
1856
3055
1227
1709
870
942
37
2948
1111
2551
1847
1844
2160
2550
352
2978
683
1782
1402
2747
2982
2512
156
3206
883
3056
175
1063
3044
230
2267
3276
844
2186
1849
2941
1903
3196
508
64
3004
2031
3293
2191
2094
1858
3050
2197
1744
3007
2879
244
3035
374
1363
1184
1769
1726
674
139
810
1401
1139
1491
2138
1729
1568
252
1245
1604
2755
2155
3285
1749
52
2754
1610
1084
1930
222
1048
722
2958
447
266
3011
2929
2343
24
689
1968
1431
1417
2476
1613
354
2748
1215
2761
1073
1244
1506
2223
188
898
1637
1739
2772
2561
1632
9
3006
330
3049
2082
2127
906
3249
2500
380
754
1308
1452
777
308
3032
3089
766
378
2222
3109
1737
2548
732
2808
843
2400
1745
2558
323
473
2274
1524
167
1487
666
2943
1572
884
1892
632
1250
384
1411
3104
1441
2686
612
2096
1489
497
2603
2939
669
2231
830
3286
3103
3210
800
3052
743
1356
1993
2969
2
325
958
3287
1447
2072
3005
711
1334
1687
685
3251
546
1554
1316
1796
1783
1237
1808
726
1159
2769
1235
2067
344
3110
236
1553
2671
3278
2724
687
3289
2669
2949
90
2841
26
3298
2345
2909
73
1820
1196
792
1779
690
911
2557
2261
752
1735
2713
3200
1988
2921
1370
638
194
1595
738
1836
2210
1620
564
1477
774
212
2662
32
301
1326
1949
441
1449
1147
1072
2809
526
3304
1693
1116
2132
808
2085
2074
2611
1999
2100
1573
476
974
587
2252
740
3125
1475
1265
3223
1210
379
1416
1033
3244
2312
2451
2643
133
1418
856
2776
1324
385
2245
2513
272
1132
822
1678
1870
2251
68
2819
1435
487
1516
1932
2220
2316
721
1442
1945
317
2918
56
1780
3232
1027
1085
2214
1225
615
465
1283
2452
2059
649
1293
2441
1907
1826
97
2078
2932
567
96
928
3077
957
2602
2153
540
1842
1162
2447
1082
624
3257
3010
203
882
234
259
1000
3139
411
3241
1727
2910
2339
1018
173
2496
2301
1103
1789
745
342
1474
392
2430
812
294
2335
2814
3208
742
915
893
28
3273
3119
1656
819
2902
484
1660
1939
2207
1323
3165
3216
1170
798
18
1113
429
2601
1309
763
3294
2951
1629
3009
1129
2965
1046
809
924
2177
504
3284
859
2383
2179
485
1926
2837
142
2346
2729
1937
1239
1791
1919
70
552
1220
1521
563
2472
1098
3288
923
3147
1231
17
969
2681
178
3026
1311
2721
2134
637
2950
900
2314
1332
2816
1817
1654
2901
2815
1002
751
2750
921
86
605
2608
2184
729
371
1233
3295
1020
83
3318
176
879
1645
2337
1522
2163
2167
87
2275
1221
3117
1685
2054
1756
647
3314
3048
1026
3029
1280
2259
1829
2055
2817
359
2030
795
562
1049
36
228
1679
2120
927
226
991
920
3012
1325
1578
1256
182
2189
1700
1785
1077
2278
2411
579
1455
2657
2258
2066
2529
215
2689
1166
1691
3231
1426
1425
1102
2731
2391
2266
2899
2763
1307
542
2464
1087
860
1571
1765
462
412
932
2495
2798
947
440
419
2730
494
584
1868
1992
3118
1771
2752
1110
2327
284
1686
2215
854
3153
205
3075
2771
2025
58
641
3157
2739
1419
2408
736
3131
782
654
1512
1813
1753
332
452
1410
1770
2908
2545
1504
66
1001
2256
3129
599
1519
2554
2997
2996
1365
1243
277
448
2309
480
1260
1406
1361
1079
1289
2654
1424
3071
3167
313
2559
2371
1089
1369
1203
2353
8
2799
1882
753
3239
761
3038
1839
1624
2087
1078
1823
629
2540
466
881
260
2394
2403
2325
2308
2605
273
1086
155
2469
2959
2123
1330
192
1717
186
2340
1850
2458
1827
2174
620
1581
2294
2874
3045
663
776
2389
1414
219
310
2894
2883
2737
483
2434
268
2358
136
3094
575
1705
2333
2510
1066
1173
2036
1471
950
2700
286
2936
98
2624
2020
2508
1212
2068
2865
1799
2779
785
1754
2878
2334
2590
973
3008
278
1240
1366
2743
134
1563
512
1081
2219
2571
1773
1109
1058
496
166
855
2723
3020
1929
309
1355
871
636
1614
3173
2342
2581
199
3259
2770
1180
603
781
1400
306
1298
3101
1600
2660
1971
1412
1285
382
3269
2320
1397
1261
1044
89
1381
67
2938
2148
1953
3128
1236
2477
2803
1038
2813
2007
23
2916
3164
413
1787
625
1864
1743
1634
3260
3062
3242
498
1376
1149
3112
901
2017
3168
195
2388
2393
172
1603
2019
1259
1699
891
2357
2103
2106
813
2392
2796
327
2354
467
250
345
2484
2455
1526
834
806
1680
1594
1579
3255
2805
3227
2102
38
1819
3023
1981
864
170
716
0
2511
2022
1267
628
1633
1885
49
390
1042
2413
2173
94
2515
100
1211
2685
1774
2861
1100
3275
2762
2053
3000
2380
2144
2867
1513
454
1523
3270
986
2260
356
1062
2363
3002
2079
899
1669
1987
2302
217
2375
2552
2848
1947
458
2777
2583
1494
357
3187
786
1158
2041
183
2442
1672
400
3182
530
756
940
910
2738
35
1407
544
2687
164
3190
2984
665
1650
2701
2374
177
488
2323
120
1776
522
659
3171
1608
1187
3099
2722
1155
999
3238
1413
1915
1404
2273
2629
275
337
1973
459
3222
2888
2804
2438
2305
1246
1075
2341
1438
3297
422
2460
3124
2889
889
1254
279
1544
1382
791
1460
280
1638
1331
841
1500
3301
571
964
343
2881
1395
1165
1940
1528
2896
1707
2588
1830
1495
2741
1486
869
611
245
1384
3322
2697
2465
2209
1448
3191
1403
1806
2778
2623
1175
2386
2376
4
2698
699
1360
2954
861
561
1933
2905
1900
3315
3258
2470
2364
664
713
1368
1314
1091
1560
3203
2284
807
2520
2637
127
75
3150
878
887
616
3093
2868
916
2487
2257
3061
2162
1986
3098
1956
2336
2116
1214
816
691
311
886
373
1427
2824
549
1252
1570
2830
161
169
2137
1647
2744
962
3115
2847
321
2784
1112
814
303
2429
2925
2011
677
123
1194
2146
60
684
2356
2290
493
2626
307
2047
2518
224
2182
2324
2991
246
2640
850
1422
1234
528
907
2676
1920
2664
322
2051
2264
2307
838
1811
2596
2523
1300
27
559
2490
880
3070
3290
1219
1663
417
2967
446
1943
681
2999
1430
1349
1497
443
705
144
2247
2655
1010
2420
1230
2427
3043
929
2021
1696
2115
2502
1012
1877
2057
1499
1576
2880
794
2234
428
1648
31
1725
2638
1470
1317
1483
346
831
1312
439
396
436
48
1961
2443
1761
2474
2843
1040
3313
585
2506
3086
1198
1476
29
2199
1831
1681
366
153
1567
434
2277
693
451
2859
361
1386
1130
2063
3262
569
2165
2483
152
2926
2735
2599
2390
1351
2311
1910
835
2024
314
1034
162
2196
1297
365
2239
2668
851
1757
908
2293
1607
1228
460
2542
12
2404
2281
2527
1593
238
1150
2718
464
1668
1161
59
1443
1013
2598
548
966
982
912
51
2968
748
2421
2113
1880
520
1128
2828
2665
200
1609
295
1292
2122
2397
617
34
2775
2475
704
2396
1807
895
2023
3198
1453
1064
10
839
2715
2226
256
2797
633
453
2204
1786
2405
1202
3209
3033
2575
1751
2224
755
2485
1994
1760
2829
1935
2630
2641
435
1540
2200
141
1284
744
1440
1399
2971
1878
2045
1364
773
1582
2401
1612
1296
2253
3281
2422
2097
1301
2586
289
2221
1226
2070
1658
985
1535
2444
2621
42
69
1480
2466
2217
2853
165
2211
2961
2822
1190
2534
686
2870
2003
2927
2650
299
2507
2064
1257
2792
1439
2882
2887
1643
267
2244
220
1362
423
992
2142
2150
1264
122
1343
3316
1777
2279
263
2594
2564
302
937
2299
2205
1825
1605
1041
2869
2406
1976
1181
2235
2049
1242
735
1641
3263
2254
426
2370
775
206
799
30
1996
181
2862
607
1879
527
3027
2574
1541
2934
2206
2435
1054
1859
197
978
3307
2481
905
1024
2319
2398
1006
2473
3280
1952
193
2886
2720
968
296
1640
897
788
2317
779
138
2584
673
2198
3183
2906
1627
2402
537
1021
248
2271
151
438
737
3228
1022
2533
3066
1719
2980
2636
1925
3076
2970
2647
1584
1750
2840
2461
3090
1556
2424
2384
503
3051
3254
523
1814
1713
1358
2141
381
2966
868
902
3142
514
1152
315
1591
1602
3320
720
3078
650
1093
2428
358
3016
1502
2964
3074
594
1338
2709
149
82
979
398
2348
2423
1160
2038
2501
2526
739
370
1003
1559
2914
852
2704
1997
2536
2712
939
1434
1104
1587
2711
1051
292
2806
1344
717
2330
158
2942
583
1539
1501
335
2850
3311
1473
2040
826
2117
2884
2379
767
1306
517
3126
364
1463
1837
1444
1738
730
3091
2089
2387
2136
1105
700
2972
824
3059
2381
2152
1140
1016
1862
1255
589
1651
3234
2414
3072
71
1894
2872
1353
150
2569
3087
644
2791
601
695
3237
2742
2593
1901
946
2532
918
818
1350
328
509
971
2981
281
2947
668
2349
1216
132
210
1592
2892
1534
842
2960
1458
1642
2168
1121
3300
1035
1670
20
1902
2587
2653
1896
2589
1606
533
3057
718
2708
1639
1871
2227
45
572
2432
2499
3137
1897
140
2962
1626
99
3127
2893
2800
46
2004
237
2365
3054
1067
2854
104
1124
270
3192
1348
271
867
1873
240
1695
2985
960
606
2161
1023
1394
3097
1056
1043
518
534
445
1378
1482
1793
2092
1852
1730
956
574
1840
2187
1367
2572
1169
2710
2707
1552
803
3096
2050
2582
2618
1736
2101
3213
1665
1690
1876
1481
2871
207
1742
2988
588
1432
2645
1313
513
1201
2834
3245
1097
1938
1518
837
3031
2118
1115
2170
793
1327
2795
1206
1217
2858
1144
1547
1337
997
2493
81
2048
3067
823
1341
1305
1843
1396
269
734
1197
1759
661
1722
1804
2519
604
2236
925
1167
145
221
1922
2998
1941
13
1163
804
2570
2026
1304
1747
2176
3319
208
998
1223
2014
2632
287
3261
692
1019
2955
2856
1177
836
2706
1775
1347
2175
1598
1469
1183
1676
2190
1752
2194
2989
1374
1891
472
201
262
2269
126
2604
1566
2863
1909
2915
2833
2627
2716
2922
3321
107
2505
2407
1142
2547
2016
1520
74
3214
2990
2133
2620
160
2864
1616
863
2992
3310
1934
471
2694
2479
1295
2807
639
815
2287
2907
2491
2188
1794
1329
926
1711
2556
3230
2088
2644
1574
653
1798
109
3135
2788
1964
3121
360
2265
2263
758
2753
1564
111
1028
129
701
2659
3177
3133
2044
1869
389
257
1127
2098
19
2789
2628
1866
1846
1911
1569
2987
817
3179
1371
2745
1704
326
341
3181
106
3130
3180
470
2986
1714
635
119
113
116
1391
2565
110
2083
481
2930
1967
1467
3081
3305
1340
2080
2674
1466
2613
2756
1291
3163
2156
3063
892
114
2454
1893
703
727
2855
3154
3306
1276
2280
1508
2635
1698
1984
450
3085
990
3134
204
2332
3123
2781
2111
