2138
3104
2171
1073
2841
3001
1675
2094
3053
3103
949
1101
214
2090
3049
844
1913
731
1968
1509
1667
2790
1496
3084
2761
977
2686
3105
236
2842
546
3132
2699
2274
3194
2095
2600
3293
3201
352
447
2544
706
560
1749
2755
188
578
1733
449
249
167
33
54
1637
1134
2128
2367
2027
1849
3004
3032
1218
3188
632
602
1822
1334
800
2579
331
1553
168
2002
810
1815
643
2949
2197
3007
2727
2725
2067
3156
2267
870
685
324
232
2310
511
3036
515
714
3155
597
1139
1931
1227
777
2482
3064
2306
305
1383
2671
1809
1737
3005
2943
2155
1611
1063
689
3109
708
1808
308
2400
1739
266
1709
1524
3278
1491
1762
227
2879
344
711
1363
1936
291
754
3110
3003
1489
1977
666
9
2561
2072
384
1769
3160
3272
185
3219
2127
3248
1345
2140
1002
1147
1918
1505
1225
142
1771
1293
476
1272
1475
2383
1654
2025
3153
2837
1162
2100
2212
1387
265
1683
1562
3252
1498
782
932
638
3065
1303
1032
2835
385
1415
397
2030
1791
1302
3139
698
1200
1107
2932
300
853
1679
1710
487
3288
1926
1842
2120
921
1256
1166
1829
1785
2246
1868
582
1221
1239
1132
226
2646
2816
452
2713
2296
2817
2560
584
284
2495
865
3131
1046
2009
516
83
1512
1817
1283
762
742
215
947
1522
2513
1857
2814
2464
2437
2153
1678
2315
2657
3009
1756
736
2950
923
2514
203
802
1385
900
3039
3146
2661
1450
1932
1322
3253
676
3046
2973
3017
2214
2531
2344
1164
882
92
2993
2578
285
3159
2441
1693
1485
333
2612
1204
1691
86
745
2731
2327
854
959
2918
2832
2259
974
234
2207
1307
478
738
2262
1788
1826
879
3012
1270
1985
3118
610
2898
3148
2249
1265
1919
652
3060
2132
475
1318
2562
3215
339
2729
2899
3166
3119
2931
2251
1066
1165
608
268
2559
3247
2780
3322
3128
786
3167
1372
1070
3020
2020
1537
2510
1403
2861
67
2540
1017
1987
3227
3038
2813
463
1608
1680
600
1379
1149
66
3312
2053
2302
3189
2470
306
1958
568
2737
1561
2688
2801
2409
1494
885
2757
1173
1211
223
1099
2654
1848
1420
382
2881
2895
420
2434
1089
1038
1025
2779
1601
781
1947
202
1827
483
592
3037
2388
458
2174
1479
2660
1953
2590
2484
3238
1884
120
407
1555
2364
753
2875
3233
575
2377
3269
136
1755
245
599
2552
1079
2352
1500
1810
174
1091
3270
510
2623
1471
148
1373
1044
840
1382
1916
1929
357
3112
1240
3145
3302
2848
749
785
1361
2700
1618
876
2477
491
3094
2323
2102
356
2119
2308
713
2375
2883
1289
1119
1205
1689
1486
536
855
741
2304
2480
2351
362
38
2924
401
2651
3190
2723
1175
1887
1438
3240
2946
1236
1155
845
353
1212
901
179
1659
950
1885
2017
1088
1468
964
23
288
2326
2937
155
2178
310
3025
2309
3129
1519
279
2334
1867
561
1100
2144
565
4
219
2322
3297
2545
1614
1830
871
1824
986
3122
8
864
390
1705
1530
2233
2934
1299
1064
850
1635
340
631
1112
2586
1219
2047
2782
2630
1427
2823
2319
2427
930
2254
1229
16
1622
311
875
1470
3266
464
439
2641
1812
2719
2418
2490
1950
2718
2073
2665
1641
1194
3073
137
3013
2064
2886
141
2277
2597
2097
908
724
2270
1757
2051
1503
29
2147
1349
2650
2362
2880
267
42
1071
31
235
2785
931
289
3027
1758
847
2520
577
1811
1386
1878
640
229
2663
2824
1296
2121
1024
1034
2049
2182
831
2466
2506
886
347
1040
1015
1126
2336
165
2300
2775
2638
446
557
1012
363
1300
1567
1644
2640
684
968
1157
2528
2784
493
299
444
1096
1777
127
590
361
2057
905
2507
434
1054
2542
2847
2299
770
388
2488
25
2826
1663
2481
1625
3098
2573
321
549
2869
1995
929
2717
27
2406
2063
2061
243
835
532
1582
1006
1005
1128
1422
1430
773
2204
2125
2091
936
2282
965
2166
143
2013
1290
1226
2279
709
224
2868
2356
154
1008
953
2290
258
1483
2518
60
839
3198
406
909
1580
2502
1130
617
2862
1440
993
755
1859
1189
2217
1681
1342
1895
3235
2395
2187
1396
1294
1627
1458
2617
1463
768
3308
2587
2970
1636
1583
2289
2972
2382
3183
1092
2118
1304
1736
2213
1201
2584
2709
2742
1482
591
925
2172
2838
3079
2145
2457
1167
55
673
984
208
2478
2849
3213
2955
501
2130
2117
1051
3080
1840
95
13
3243
2136
490
2201
3090
210
1862
3245
1152
601
1153
404
1942
2229
1718
588
2962
1690
1814
1344
2046
2109
2854
506
207
803
2985
1539
1602
2917
3291
1022
3178
1144
737
2039
3143
3254
1481
979
1
2903
57
1080
140
297
3127
3192
209
1251
367
2101
503
2858
2164
3228
2884
1951
836
1131
734
1682
1313
2360
3091
1358
2135
1837
2499
1688
902
1097
2695
1223
2379
1793
939
650
2615
2653
1206
2248
2919
2272
1944
2618
583
1692
3126
3088
3021
2035
2456
2414
81
1493
2175
415
320
2691
2516
1115
2981
668
779
1732
1775
1591
2569
2038
282
1337
370
2052
2018
1305
2037
821
1626
355
3097
2712
248
1266
3214
1798
2789
2644
1752
119
2642
679
3082
2986
128
113
1891
1866
3085
635
3309
1183
3121
1520
1551
890
2716
848
116
2489
3292
204
2930
472
2454
2635
1712
701
1148
1869
3250
769
3176
1393
1532
2088
3042
1295
251
3177
114
626
1029
111
1701
2530
2407
863
1069
112
914
2614
1279
2283
2756
375
2781
1508
2694
3133
201
990
1794
85
758
2553
926
3180
2956
672
2852
2547
2265
3106
325
2857
225
3271
1250
1196
1661
432
1726
3287
3225
508
1779
2031
410
674
2680
3220
2104
2543
2453
778
1262
2202
416
2043
1235
3113
2773
3152
1084
1855
2748
1906
1421
37
2345
1905
1677
2492
73
2225
156
2667
1728
3195
538
2607
943
56
1645
783
1685
441
171
740
2258
1765
1419
1435
1921
1515
928
2337
391
1082
96
1865
316
2134
1129
205
1077
1813
1116
2631
1113
2529
1325
3231
2065
2055
283
2486
1516
2679
1945
2346
1103
579
811
809
1586
2189
2601
2845
922
1924
342
989
2689
2608
1039
3211
1449
1780
317
2921
1650
664
261
2741
290
3171
1409
861
2373
2890
1560
2576
1404
862
1259
264
1523
2148
1864
1269
2305
1960
1414
49
2455
2539
2805
760
1776
659
841
1746
571
286
1557
2333
172
1180
3265
1365
1133
2685
625
2897
2354
3045
1594
1400
3315
2173
1490
2460
3242
1058
467
1600
1619
1882
2802
496
1360
1850
2431
2511
658
3158
386
1971
2787
1706
1927
972
2574
1281
2821
2415
2142
479
585
1013
2235
48
2935
2401
2830
1724
2912
1612
34
2853
1834
495
686
1264
152
2786
2774
256
880
365
1648
238
2714
662
144
2859
40
1605
948
122
3070
436
2221
962
3280
153
426
1399
916
2765
1877
1818
807
2649
1190
1343
350
2003
414
213
735
1767
499
1540
1883
193
747
1852
71
335
651
2856
1748
2198
2648
2751
132
1185
717
292
2831
1145
3151
2964
2636
645
2570
1146
2632
513
102
2026
739
2365
121
3199
826
1207
1338
3320
1341
2850
2871
2526
328
1016
2711
2589
2168
315
65
2533
2532
507
2014
3031
145
1451
398
445
2050
3256
2811
2000
837
1268
74
1917
2753
3161
3081
2634
110
2126
2807
2957
3306
1959
1676
3135
888
326
2505
470
2241
3163
1249
525
389
1711
2080
380
1784
3089
2692
78
387
3022
1721
1832
1356
253
2808
710
1588
1447
1441
1863
505
2693
3011
1820
1199
2077
3205
1308
3249
618
1604
1694
2042
2160
2566
958
1241
1184
1856
702
1111
2978
1744
1137
3285
1652
2746
22
830
722
1649
1930
3035
2058
3050
64
623
2366
903
1589
1892
3140
2568
2029
338
3107
2313
1237
656
2747
1125
3102
2666
1507
1048
354
2143
697
873
1628
938
2343
3108
1402
2732
554
3055
3044
3276
222
254
3251
1417
2231
2549
1083
1847
374
2468
3069
2754
621
2923
2670
2012
1790
3326
378
1245
2974
2243
2288
906
2425
191
52
2222
3184
1858
1632
1074
2948
2238
2975
2877
3264
3277
1274
2979
1903
2772
2550
1543
88
612
1993
3006
1191
2619
3289
2558
556
190
765
833
952
349
2724
1076
942
784
1542
274
797
690
1143
2006
726
2524
2940
93
1631
497
1845
2958
2567
746
2082
1957
2563
2071
1287
3174
1244
1215
2603
3286
1741
1687
1715
1186
230
2195
1772
1431
1168
2378
1796
3193
24
2218
1783
2180
832
3206
91
2368
1554
44
372
26
2669
2010
2223
1151
90
244
2500
2928
1506
1983
1392
482
1095
2909
1954
1123
728
3303
2096
669
1138
1745
2818
2551
2084
2
843
3052
2086
883
2001
3196
1433
3267
2929
323
884
63
732
3210
2941
792
1055
2969
898
368
139
539
1969
252
1401
1452
1487
1613
846
683
954
2512
1904
473
1610
2169
2347
655
21
2983
2191
2982
1572
330
2767
1568
1159
2939
2186
500
933
2733
1141
613
1805
1729
1316
743
3
1844
2541
1881
1277
1646
3298
2769
3056
2885
474
2672
1782
2476
687
766
2548
1286
175
1172
3015
1053
1411
1037
3068
392
87
2034
2602
1326
2740
1087
2245
3029
1014
425
3202
1335
359
2913
924
3218
545
2763
484
455
1565
412
3125
3018
3217
97
2167
2977
182
228
2252
1418
3208
3273
2452
504
2078
2557
1615
419
795
547
1278
774
1231
1988
3047
2616
694
2902
2292
825
272
58
1247
3077
2606
3075
130
1753
991
2240
2275
70
2069
80
1854
2810
808
383
301
1890
293
1789
542
3026
647
927
1052
771
2726
3257
2734
1102
1446
798
2177
1716
3010
2497
1870
2901
2301
1135
212
2314
1970
2815
2798
465
1536
259
1110
319
1573
1525
2278
920
2609
1684
2951
649
178
1027
763
957
1390
911
970
1686
2295
2085
28
2662
752
3200
2809
332
2215
1990
430
1315
2771
1426
1437
159
3317
429
440
2203
2430
1425
751
1531
2066
2451
780
1907
2963
822
1068
1914
1596
1442
2054
173
2005
11
1727
562
1521
1388
2965
1271
566
1210
3223
405
3147
2730
2154
526
84
1700
1311
1033
1309
1000
2739
2611
541
2408
1085
2819
2472
1488
1949
1170
1778
605
3241
3295
2184
1992
1477
2610
304
1836
2450
1999
812
1797
3294
1090
615
379
1324
62
68
859
469
856
1310
637
32
1380
2920
485
573
1098
567
564
2220
36
1578
944
790
2074
2028
860
1410
489
634
1026
540
2391
2163
1474
2995
2681
729
2463
2179
552
47
1094
1332
1233
1735
555
721
3221
1595
2496
1464
1416
1049
641
1937
1946
3314
2844
194
133
1354
2673
2656
3304
3244
3318
1455
3216
2911
893
1220
1423
1072
3117
371
2312
1472
1886
376
2836
2945
531
819
1004
2112
2157
670
1018
3019
707
3299
18
411
2750
294
1323
1465
1660
2440
494
1629
1045
3282
2318
829
563
642
969
1020
2776
550
1851
654
1370
2411
1545
2721
587
2335
2643
678
2752
176
3048
2448
624
3120
462
2266
3232
2255
1620
1478
2910
1939
915
519
2449
17
2210
2339
2059
1280
442
393
3157
1656
2316
1571
3284
2261
2447
3165
1384
2555
2273
1320
913
2508
98
2743
3182
2291
3169
2904
199
866
806
2158
603
1359
2465
2410
1246
696
2515
2997
663
3323
448
2237
598
233
1550
2389
1495
776
61
2068
2471
3260
3071
1381
1260
1108
457
3258
275
2827
2216
2629
1412
2374
1781
1966
2340
1774
2458
1669
217
39
2535
1585
2770
277
1754
1504
593
877
163
3203
1799
756
657
2794
309
3255
2325
3008
1258
3187
1036
2936
512
2093
1448
2079
1672
1243
6
134
1915
955
2363
2701
413
1839
2114
241
2321
1674
1526
1908
273
255
2984
1773
628
1510
2446
1075
2462
187
2652
2036
177
3023
1513
940
280
2105
2371
1624
1577
1707
2372
89
2123
1285
1413
1062
1940
1581
196
2866
935
1806
100
1860
2015
2571
881
1330
1633
759
2905
2007
2358
1514
2588
1743
889
1377
1106
620
2888
636
2219
400
2438
2874
3116
2341
2894
2439
2256
131
77
1078
1203
1397
576
3259
94
0
2232
2554
1263
1081
1445
1912
2889
2419
764
1819
1603
2250
260
1331
2297
2087
1368
688
761
869
3301
3224
422
1178
3226
3002
910
2376
1981
570
1702
2908
2350
2228
164
3170
2581
3111
976
1319
2399
2369
337
2192
596
166
3173
2896
899
431
2803
716
480
891
2494
2996
1174
834
2467
3324
1261
2605
1671
1405
1030
3138
813
2019
2766
2777
183
1355
2793
3191
3275
757
2413
2916
1634
2106
791
2380
2762
2041
2876
192
1699
1975
1874
699
2436
2209
544
1193
1428
682
1424
2208
1192
3092
1621
1346
1406
2394
2469
629
1973
2865
2796
2878
2357
2722
345
522
1109
2359
2778
343
3172
530
3144
1673
1395
35
1407
2804
50
250
189
2103
3204
2994
2099
1369
1376
1366
488
1802
1928
983
2760
961
1267
667
2442
1900
1948
2697
2509
999
1933
2022
313
454
2320
459
195
1429
1460
1042
1821
1179
874
1638
3101
2403
1664
402
1899
2749
2696
3062
1253
1375
524
105
2738
904
2698
2393
1314
2353
1328
3000
1787
2062
3168
1222
1171
1158
2159
1213
15
3185
2624
2938
2385
2687
1770
2799
1187
2580
3239
1717
973
675
3222
2276
2583
135
665
611
3124
1528
1563
3162
2386
1436
1254
327
278
2294
170
336
2684
2342
1086
2284
1823
466
3164
1298
1001
1544
1120
498
2268
2260
1114
186
1579
2392
671
3095
1459
2954
2959
2867
3099
681
2426
1879
3281
2846
200
2599
580
2390
1492
3115
1708
794
1234
30
2882
1956
775
303
1122
2429
2264
1828
206
1760
2405
2286
1952
1351
10
2870
2538
1731
3136
2239
2370
1009
1480
1136
897
966
2244
2927
346
2822
630
377
1725
1989
1312
1976
912
851
2421
314
3093
1803
691
1898
1297
1357
2999
2185
3033
1150
996
3175
878
1389
1546
1252
1607
2331
369
1292
2211
2621
1658
937
872
2398
719
2303
1570
1853
3262
814
435
2011
2024
1558
1238
2839
1497
1161
295
2183
1831
3313
51
395
1181
1010
1230
2720
2961
595
895
1273
157
2324
53
124
3034
992
1248
1935
1301
1288
2575
1228
1202
1740
125
2435
231
963
733
1590
2165
1880
1242
1923
1118
2242
161
1996
1517
2592
1362
1807
2783
2925
2485
492
1533
941
3014
2417
607
307
394
2151
887
2926
799
2759
1317
1647
987
982
3290
2991
3141
1825
1965
2968
1041
704
548
2298
2622
373
2311
3114
220
2023
2076
2230
2115
433
396
680
2124
3186
169
693
1535
451
2224
2129
1439
2247
2483
443
1593
2825
2113
1643
2577
1734
1195
1398
3149
633
1214
744
1920
1986
1657
994
1974
3061
2668
3030
1599
246
2032
2690
1640
2404
3100
1800
1198
609
2594
981
2828
2021
1057
2139
1541
2257
1176
3263
1476
242
1609
184
351
2952
2764
1576
1117
417
2639
1910
2971
1697
2820
3043
2397
302
2045
2728
197
1364
619
147
2122
2735
298
453
1208
1703
3316
2199
1511
521
181
1499
1961
705
2416
2200
2736
79
917
2060
2307
3150
1443
520
551
2205
985
366
1630
1333
528
543
857
816
2527
2293
2675
2420
322
2033
14
2396
1761
569
2637
2444
559
1257
162
2196
2328
907
1962
2206
428
2281
2829
2744
2181
2116
616
2253
59
827
1816
1484
529
1980
2655
2150
2443
1763
3307
858
3209
586
296
12
1943
2534
2110
3028
1696
1336
2625
2226
1994
772
1453
677
468
2146
2676
2070
2564
2596
2598
2522
2860
622
2475
2792
2887
146
2137
180
1786
978
2473
2422
2361
2967
2626
838
1668
69
2234
2474
967
2843
2678
527
3086
263
1751
2585
2487
2715
1617
123
1232
748
894
1050
460
2797
423
2523
75
2664
2162
2521
1284
271
149
2633
725
2873
842
2349
767
218
1894
1871
945
1587
1925
3076
1188
2800
2705
2591
424
1747
1719
3137
2348
1282
364
3311
2141
2645
2285
418
3261
1527
1023
3236
502
661
1695
2891
1019
104
523
2330
824
1124
1998
1896
2075
1801
281
988
269
3283
646
804
3246
1876
2170
614
2572
788
1434
3325
2355
558
1378
1665
1759
1556
730
1462
240
409
1154
2317
2536
998
1461
1872
3054
2976
1655
3066
1056
2384
151
99
574
2271
1623
2461
1456
1991
1833
1662
20
3057
572
1394
818
980
103
1473
1347
2947
3268
456
2493
868
1651
720
1713
2424
1941
2872
1666
2708
3300
3078
1670
2546
533
2707
1177
627
793
1182
1432
1722
2942
1156
1224
1093
1350
1592
2040
796
239
2445
2795
3067
1720
1922
2702
3279
2537
823
1216
718
2387
2933
1104
2433
2988
1997
1035
2900
3142
1938
2459
2498
1902
1534
535
3041
1140
2960
3319
43
2834
3229
581
2107
1875
715
2593
2906
2193
329
644
2806
2402
2056
2161
750
3207
1642
348
2791
2703
1742
1764
695
1738
2893
221
1047
946
1723
3197
2647
2004
1061
867
211
1209
358
2423
287
1067
2704
1007
1275
41
852
1963
660
270
2501
2998
2381
2227
46
5
1518
1021
1327
1160
1444
2768
2892
1502
2519
1750
956
3059
1548
3058
1408
3237
1003
45
828
3016
1353
2517
2081
2944
1559
1979
403
2980
3072
1217
2706
2432
960
534
1861
1352
1598
150
1121
589
1584
997
1163
2966
2710
158
2048
461
1306
2236
2840
1606
1011
1838
3096
1730
72
1501
1043
1197
537
2131
1768
3087
1321
514
1955
237
1059
1901
975
1348
518
2089
3040
3234
700
318
312
1169
3024
1889
3051
2504
1105
1065
1547
594
517
896
216
1843
648
2152
2428
918
2176
1804
971
692
1766
2914
1897
82
2595
606
1255
486
1873
509
1367
849
477
2092
604
919
3074
438
2582
2108
138
1639
1529
408
3083
1552
1575
995
381
2812
1127
2188
787
1616
951
653
1566
2851
2758
1893
1060
2683
1835
2987
108
2412
19
2190
2863
2156
2016
2111
1911
2556
2008
712
3305
3181
1934
2620
2491
817
1704
437
1841
76
1888
3154
727
2280
3212
399
3179
2338
2194
101
1031
106
2990
1339
276
2604
789
1549
1964
3130
247
341
427
2525
198
2269
2263
3134
1454
805
2332
703
2149
129
1371
481
2329
1795
160
1909
2788
1982
801
1469
1846
1391
1698
2989
2745
1291
2915
2855
1574
2613
3274
1967
2907
2628
2503
2658
2287
421
2674
1466
2953
1340
360
1276
450
1538
1972
815
262
2133
3123
109
257
3310
820
1564
3296
2083
1792
1467
1978
553
2992
892
1569
723
1142
1597
3230
117
107
2098
126
2565
471
2864
2833
3321
115
1653
2659
1457
1028
2479
1374
334
118
2677
2682
1714
3063
2922
639
1984
934
2044
2627
1329
7
