3104
1316
230
1083
655
685
54
3044
9
188
2
1863
3174
2169
2686
1507
643
214
3326
623
3053
1287
266
710
1345
1930
2842
73
44
2754
1631
2128
1509
3210
2072
3196
2693
2366
3276
1610
2180
2808
2313
3003
1433
482
597
1048
2550
1832
1881
3195
3155
1903
2288
1779
731
1808
1356
3184
3005
778
1637
1139
2619
175
26
2666
797
1572
1244
2699
2983
777
2218
2071
792
52
1913
3052
3194
2761
1667
2524
1134
1741
883
884
832
3289
3140
732
1363
372
2225
2345
2969
2790
1227
3015
323
3193
1334
1245
2468
1392
669
305
511
1411
2548
93
1554
3107
2195
1822
977
618
2940
325
1855
308
1196
22
1687
2243
497
2949
954
3036
1726
1250
3103
3160
3206
702
612
1553
2231
2841
2680
3001
2561
1383
33
1709
765
2094
873
1784
2274
2500
694
642
729
285
2560
3131
3295
2609
1046
294
652
2214
1049
173
1302
1442
1678
3147
2315
751
283
893
573
3046
2448
489
1324
970
1735
1265
2009
2472
562
383
1090
2496
1477
3304
3216
2255
2167
1132
1322
1771
2931
825
1797
2977
3065
1072
2679
3047
2750
1020
2776
2721
1018
485
1753
425
228
921
1946
2292
2965
2179
18
1620
430
638
2945
854
3211
547
234
1515
1870
1170
1985
441
3282
1788
1595
1002
1531
2275
991
205
2495
2212
1536
1278
3139
2616
859
2920
1654
678
2258
2817
915
1545
555
927
738
3166
379
3048
540
2662
1851
1147
582
2030
2346
1918
2440
1485
647
3026
419
3288
2497
1615
1323
1103
1256
133
2513
80
3218
1221
2612
2730
371
676
2452
171
2246
624
97
1999
2154
3215
1027
1684
2054
2312
1656
2005
922
2259
1418
2449
3244
615
2464
1565
3068
923
1945
2261
3232
1660
1691
1370
3153
3075
3077
1116
1919
763
541
3159
2391
2899
2763
2065
286
1619
2413
1479
1025
964
2017
3170
1375
1406
1400
544
3301
3269
3172
135
1459
3312
2874
390
2696
664
2804
1377
1099
1346
1412
2996
3222
2250
1973
2654
1192
1638
3238
1830
2555
834
973
1171
2802
2936
2760
134
3189
1211
1175
1887
761
431
2308
2827
280
2698
530
592
183
2723
1369
1530
1405
3259
2323
2105
2385
2022
3158
3191
593
2099
2228
148
1874
1699
3112
1075
3315
174
510
2511
2273
889
855
2357
1577
8
2959
1650
187
1267
1806
2219
1174
35
2623
741
400
413
2738
2359
1355
2651
255
2780
2372
2446
386
1633
1802
1203
940
1743
901
1109
1269
760
910
1867
1500
2403
636
290
874
177
1884
3128
2770
2878
2321
667
2371
2079
2590
1579
2291
1258
786
659
2173
1680
2805
89
2904
2036
950
1823
2722
1947
488
3037
3092
345
1774
1407
337
1624
904
2394
49
463
3168
1397
1361
2068
2793
2144
2629
1240
757
2409
1149
2799
913
1001
1689
1705
2178
2374
3224
1222
2340
1395
1987
454
2883
1079
77
1659
1585
1413
2268
524
3025
983
1173
2260
1557
1414
1900
1810
1372
3095
1428
1448
2867
264
2294
3129
1158
1908
1229
423
3027
169
299
2859
2290
1008
2362
1136
580
2406
520
2011
1122
2592
2113
2239
361
181
295
1609
1234
302
1497
3115
1751
180
267
453
1161
492
2521
2235
1731
242
79
2862
1006
303
2490
858
1284
363
2655
436
2507
3028
1010
1625
1470
1995
2846
2868
2822
1290
1040
1296
396
365
2418
1252
1351
161
1607
1541
1859
146
929
677
3280
2637
2024
2185
433
2181
1923
263
1015
2021
2116
3263
2356
2961
2405
1879
2520
200
3086
2282
1343
1126
1230
772
2853
2640
2299
968
609
2474
1226
640
1439
1612
2542
2523
2397
1190
897
2298
1386
931
851
1570
993
2675
2125
2003
479
1517
435
2277
2137
2676
586
2782
2728
551
775
1128
1333
152
2398
2023
162
2426
2097
2887
2129
2717
719
1980
2488
1511
941
1599
1057
948
1582
1807
2735
936
2736
1484
2641
691
1013
1640
165
992
3313
444
1194
1927
12
2967
2638
307
3043
839
1112
1724
872
2870
887
2230
1898
16
1648
686
2663
2247
2820
42
1483
799
595
443
1696
2843
2224
1362
2336
1786
577
1986
1920
1895
878
2869
3245
2960
2615
518
3096
730
1282
852
1991
269
237
2711
2504
2109
2893
1022
211
1606
1394
2423
1651
960
208
1527
3236
588
946
2806
3080
574
1047
1501
3090
218
995
715
2892
1723
1759
2914
1872
415
3283
1876
103
1518
1463
2271
381
1432
1670
604
1591
1583
2589
2998
1547
2705
1067
1666
1145
3256
836
1209
2595
804
646
1598
3308
2317
2709
1979
2048
1043
1814
1897
210
1092
271
1736
408
2795
2145
533
1207
2131
409
2533
2365
2052
2432
1493
2872
2164
2478
589
2289
1093
3083
2108
2040
3229
1146
1059
2891
2871
1337
1251
2272
788
837
975
1534
2569
1627
158
661
3311
750
1408
1481
734
2348
1177
803
779
1217
292
606
2101
668
2618
2459
2198
1843
65
513
979
1925
1738
939
282
1722
3213
767
2168
2141
823
2591
312
2229
2501
398
506
3024
2536
1732
2213
1007
3143
594
514
796
1266
1224
2424
2175
651
2000
2632
824
2645
2136
1636
239
2445
20
471
3063
3161
1060
106
1069
2412
2098
3121
703
2283
2745
437
1339
1029
712
2126
334
3135
679
2992
3292
129
525
672
3134
3306
815
262
128
1538
117
1276
888
1616
1549
2614
112
1028
2265
1846
951
1520
3214
118
2788
126
848
934
470
2987
1457
3181
3130
2287
1467
2990
2241
201
3123
1911
2644
2263
2556
1698
2016
1866
247
2989
1978
2852
450
2635
2930
3250
653
553
111
789
1993
656
505
1168
1845
3286
714
3188
2310
2476
3272
1858
190
3084
683
1524
3298
2549
1431
2138
1487
2600
2029
1084
232
1215
1262
1815
64
1744
1111
706
708
2541
1904
3089
2343
952
3035
2043
474
870
2378
78
1983
1037
3069
1218
1151
3248
1478
1716
1280
2157
1455
1629
944
637
3009
519
1826
32
393
2028
2383
1488
911
1596
385
989
1082
783
865
2025
2993
56
2898
272
1472
2734
159
304
959
2809
300
957
2814
333
2240
802
1836
2245
1512
1335
3157
1683
397
550
2913
605
1311
3117
1498
3146
215
3231
2447
1200
212
753
1403
2605
1424
1379
196
2158
1180
2515
357
67
362
2232
1634
2908
2946
3071
1912
1966
3116
2019
2535
3002
2937
1770
1058
2458
3227
483
2467
665
3203
6
1091
625
1471
1254
268
1319
1717
2470
3000
1100
3167
876
1799
2469
3045
1594
491
2938
1514
3099
2276
2545
3302
1179
2484
2794
2007
457
1618
1429
877
1916
2875
1106
1495
2233
2685
395
123
2573
1812
2585
2860
630
996
2328
895
2420
2506
127
1238
2051
886
2522
2242
850
2886
2211
1630
2311
2792
125
1317
157
2823
3290
917
2785
1943
2882
1831
2665
2221
2775
2064
2061
1264
532
1740
1301
3141
2151
1644
2324
894
1492
735
2759
2487
1818
2166
3307
1202
2518
1228
2421
296
144
1480
1535
1641
1232
40
1682
1201
1862
1688
2381
1462
2004
2498
2089
3235
1378
370
998
1056
793
1730
248
2107
2964
501
1997
2710
1539
145
918
2035
2831
3041
971
2873
2330
2854
2402
645
1559
1861
537
403
1115
3088
1873
1131
2037
72
1963
945
1747
2056
1167
2980
1197
849
818
71
2193
2355
424
2791
868
1701
1279
7
2491
2280
2620
2922
2489
3154
2683
2190
801
2659
1891
2530
2807
101
3081
727
2332
990
1714
2658
2956
1148
2133
2857
1715
1892
1772
632
2879
958
1184
1101
331
3285
2058
810
1969
2755
2223
2767
3249
1143
666
3110
1849
3106
743
2563
21
37
368
1844
191
1506
2566
844
227
3032
1401
1053
3011
1737
690
833
3287
1739
3156
1675
3264
2727
554
2670
1721
538
3006
1172
2400
621
1905
2579
1191
1809
2512
3303
249
508
156
515
167
3251
1968
2084
1489
722
1762
88
2155
711
687
1496
24
222
3007
2090
546
2027
1796
2096
168
1646
2672
602
2160
1733
330
1677
2306
2095
697
2603
1421
1274
3267
3132
2923
2567
1729
1820
898
800
252
1652
2746
943
560
2077
90
2958
2948
1186
253
3064
846
843
384
352
3050
1543
1441
2067
1783
3293
2885
2558
2492
2941
2939
2482
1123
1055
139
1790
556
344
689
2104
933
1936
447
3201
1805
2031
244
2551
338
2975
1611
3219
1977
3105
2772
1588
1063
2042
2725
1417
2733
3113
349
2724
236
2732
3220
432
2001
3225
2347
2006
3049
3056
2943
1847
2748
1782
1931
3
1237
3108
2669
1749
2568
291
1954
1402
1095
1745
225
2267
1141
2425
1286
1589
2453
1728
1308
2171
2544
903
2082
726
906
2086
2979
1568
830
3055
3205
2607
1632
1235
578
1628
2186
938
539
2974
374
2877
1074
1076
1542
3109
2982
1649
2238
2002
1125
378
3022
2140
2818
754
500
185
2367
2773
2929
674
746
3277
2692
2222
766
254
2127
1199
784
1856
1452
1661
613
2747
942
1957
949
2543
3271
2667
63
2197
3152
416
1906
2928
2671
2012
1138
1491
1447
2191
2202
2909
449
1073
3102
3278
410
2769
473
380
387
728
2010
1613
1604
91
1694
1159
324
2368
2978
274
3004
1277
1769
1137
354
1241
2143
1988
301
2463
1868
391
2606
2451
1318
1014
790
2643
2074
1465
879
587
1423
2815
566
2318
1939
1303
476
3294
2610
2837
1225
1102
3118
1385
339
3017
969
1791
853
762
465
440
2729
1921
1426
2177
130
176
2739
3223
812
1231
2557
1270
2335
1162
2078
900
3208
3018
1000
2601
1390
811
1890
1435
1039
2344
2296
2314
1710
3012
487
86
1068
2578
2845
3039
83
1474
412
1052
47
1789
882
265
475
178
2278
1380
3299
2441
707
2069
68
1521
2657
795
62
1992
1857
1032
259
1446
2726
670
2810
405
1004
1310
1293
1033
745
17
2681
2950
1516
2819
2602
2646
2408
2921
3019
2327
1129
2055
1464
1220
1785
3257
316
1926
1727
332
2731
3217
3120
3200
1166
1415
2713
1164
2100
3060
742
3202
798
2251
2430
2611
654
70
2085
2798
411
3029
2034
1450
1686
2207
752
782
2316
1425
3119
1679
3252
808
1756
2249
96
2910
2995
455
2301
2189
1135
2608
829
740
2450
649
856
504
84
3165
1970
1765
1419
2740
1829
3221
58
2531
2832
293
1271
526
1813
2295
442
1907
634
2656
2210
932
1077
1817
452
1107
2153
2220
2514
342
2836
462
1325
2562
1573
3318
2411
1247
1586
1949
2437
1110
392
924
1525
822
194
928
2486
721
3125
3284
564
1239
1578
2163
2120
1410
1332
1387
226
469
1388
1842
920
2963
545
429
1204
531
1685
2902
1475
1505
1571
2901
28
819
2932
3148
771
2066
1937
478
1437
1886
317
1865
1778
1307
563
1094
1272
2951
484
2529
584
2134
3241
3010
1045
2973
809
1645
494
947
92
1914
1693
567
1309
1087
11
1780
1283
1924
2771
2673
1700
974
774
2203
319
1326
359
2844
3314
1233
2689
2339
2215
2661
1990
610
1098
579
1354
542
2911
284
182
736
2266
3253
2132
641
3273
3317
142
2631
2112
860
1854
1026
36
552
1932
1416
203
2252
1522
2816
1085
516
1113
2184
2918
2262
1210
1562
87
2059
2752
2337
2835
698
376
1449
1315
780
2916
2216
66
1754
1359
313
696
38
1560
1746
675
2284
3258
2159
663
1193
2460
1260
1404
2757
716
382
2889
1672
1070
881
498
241
1864
2888
1086
1108
1263
862
536
2701
1436
2865
2494
2861
575
448
3162
2894
2455
2866
467
2342
1821
1544
1706
3171
1486
2388
2237
2697
1178
170
2106
219
1563
105
2777
603
163
3020
1038
1519
2399
2465
1246
658
223
3111
2743
2896
100
1320
2102
861
1243
1328
2552
2508
756
2350
976
2994
2369
2480
2439
2741
1702
2174
1839
39
1490
806
522
2580
2876
1062
2103
2554
2431
3239
1674
1504
1298
565
2984
699
1614
1365
1212
166
279
1882
1940
2576
2749
1036
2354
2848
3173
1368
3247
2684
1510
1671
2123
1526
3094
186
199
136
1824
608
420
3122
899
1669
2997
2364
2905
2334
1285
3242
2297
2895
620
1860
2410
1664
2778
955
466
3145
2924
1314
1259
1438
3265
401
3297
2540
1155
1114
1382
2209
1528
496
599
688
845
1213
2539
23
2389
2392
3275
598
3138
1928
785
2322
628
1971
1707
2256
2624
131
1494
2326
891
1953
422
2688
1673
866
407
50
1781
2434
2787
600
2380
1081
791
3185
189
2377
1373
3240
2119
195
1603
3023
2020
2353
1581
3323
3204
1899
2302
0
1848
781
278
2471
1384
1933
764
1044
1066
202
1088
1608
1017
1601
2386
999
2062
885
1261
2304
2796
2779
2813
458
356
1460
2333
1850
3187
2093
3062
2438
571
1420
2954
961
1236
2509
233
192
871
1165
1555
2462
2583
2320
1561
3226
2375
94
869
935
2442
4
2363
306
2192
2477
2588
2687
1819
2114
3255
217
1787
749
2571
2801
1381
2890
2309
1187
3038
682
1929
1773
1331
2341
273
3008
1289
2881
275
459
2325
1550
164
3324
3101
2352
671
813
2436
611
250
1089
1537
1133
713
402
2581
172
864
3182
2087
1330
1360
2393
1621
1366
1958
1119
1885
841
1120
3169
2208
2041
657
336
1960
2148
1981
1776
759
840
155
3322
2766
3144
3124
353
629
1205
2376
343
570
245
568
327
1253
3190
98
2737
2559
2351
512
3233
561
2660
2762
1600
310
1445
776
1409
2305
1827
1078
2510
61
277
576
1376
986
15
2897
260
1755
261
1030
480
2419
1975
2053
1915
3164
120
1513
2373
2358
2803
1042
596
179
309
1523
3270
2652
1948
1468
3260
2015
2700
288
684
243
1734
527
1336
1427
2444
3209
2404
744
2443
1476
1214
3098
827
930
1834
994
193
2165
2475
617
2880
137
2234
1540
2821
549
2828
2370
2527
2300
978
2390
2110
2744
2142
2063
154
1657
1189
3266
1910
1974
1663
2361
1757
838
2049
559
2122
2599
122
2577
1567
10
34
543
1767
985
2586
388
2774
258
1961
831
1398
965
2825
3198
622
2824
962
2257
1422
1300
2664
2797
495
1096
1996
1312
773
2033
2303
1965
2182
2416
414
2621
1248
2625
428
464
2205
1181
794
2427
3070
51
1499
1877
2999
972
2538
366
2124
529
2786
124
2422
1299
1242
2690
27
499
2639
2226
607
451
2829
1157
394
2244
493
3014
289
60
1994
2971
1012
1195
1273
1708
3073
1956
2435
1288
2783
2715
1443
2139
880
2991
235
1440
816
616
347
1658
3281
1777
2574
2196
3061
875
350
528
2622
321
1763
2952
311
1009
48
724
229
2199
1118
1878
31
3316
231
2596
2281
693
3175
2473
2047
704
1130
1883
220
1041
2720
633
2765
1880
2013
25
1703
3149
2481
2307
426
1054
197
2649
2073
590
1453
1800
184
835
2057
373
2528
857
2934
1935
1533
1342
1681
153
2598
1198
1117
2678
468
1825
3262
1811
1176
1989
2784
2466
1617
224
69
1349
340
1760
909
246
2429
53
1558
905
953
2279
1761
733
2147
1281
2286
1593
2630
1150
681
2714
314
2534
59
1590
1357
2847
2926
1297
75
981
377
1816
1580
2502
2927
2319
966
1622
3034
3013
30
521
680
206
1952
2204
1399
1546
3150
912
1034
1976
2253
2264
2217
256
907
557
1430
2150
916
1647
2718
2270
2485
967
755
2121
2826
1576
2183
2162
2564
770
434
14
2045
141
1071
143
439
1962
585
1257
346
2597
937
1725
1064
2650
1292
2206
662
709
2396
3033
2115
3100
1697
1389
2594
2200
2401
3114
417
2415
2935
1828
2719
1364
238
1803
298
322
2091
982
1219
2070
1605
1758
908
2032
351
569
548
2830
1643
147
2626
847
2764
1208
1024
3186
2575
213
1635
3136
2912
1005
369
2293
619
1050
2839
748
2668
705
2060
460
29
3093
2483
807
1503
2076
814
987
406
2968
3030
1950
2146
631
1668
446
2331
963
2417
2925
2254
1853
41
81
2976
3074
1833
3192
1690
1156
826
1121
320
1
2648
3237
216
2834
1473
1023
1623
2947
700
821
209
1642
2519
3127
1718
2349
121
1548
1350
523
1838
1080
1801
3197
2955
1871
919
240
1152
329
2942
104
2176
1768
1396
318
2970
221
1461
2944
2966
2917
2517
1456
2461
1182
3078
1695
2703
2046
2387
57
3183
2617
1955
2170
1153
1556
572
1105
747
2570
3243
1021
3016
2751
2187
1896
3087
45
1575
2840
1347
2691
509
2582
1304
1163
46
3178
2516
2636
1793
2092
3279
151
1035
507
3067
842
2433
1804
2379
1655
718
2849
1051
1662
335
2026
418
1938
3097
1140
1011
1901
132
2117
2695
2962
896
1552
1750
2227
1626
2653
1775
648
328
149
270
3246
3066
1458
517
2161
207
1902
2456
477
2593
3059
3268
1922
1305
2152
644
2708
591
2039
1713
2800
2900
1639
5
3142
1341
1602
1748
355
720
2702
140
3320
1944
1665
739
2812
1719
2647
1169
1502
2201
1016
1061
456
2532
486
1720
1216
1003
2130
2172
404
2933
1160
358
1529
1444
3151
1104
1313
1766
3291
2712
1223
2537
1587
1188
2838
150
2014
2704
2706
3054
1692
2236
1889
1206
867
2811
461
660
3300
768
503
692
3207
1352
3234
3076
1852
1592
1840
1942
2850
614
1358
673
1344
2018
3040
3137
1097
2587
2118
601
1894
1998
2584
2384
1124
1275
82
3325
1294
2707
925
2981
956
2768
2135
1584
581
3051
2248
1941
828
2546
2285
1348
1451
3058
1353
717
3072
490
1875
95
297
534
3079
348
695
2972
1367
980
583
2903
2526
2884
2360
3254
2050
3021
2906
3126
2988
438
43
2985
997
2038
55
502
2856
2919
1951
3091
1482
627
1255
364
725
1306
445
3031
102
2493
1742
99
3228
1837
3057
281
2858
1434
138
287
1065
558
2382
315
1327
1338
988
2395
1144
3261
2633
2572
902
3319
2457
2414
2428
2742
1019
2075
984
2081
535
2499
737
1321
367
1185
13
1154
1764
3199
650
3163
3042
635
3179
119
2149
1984
1374
1835
115
198
1142
817
1959
1371
1893
2525
1711
3176
1569
1917
204
2756
1982
481
1704
2674
2957
3230
108
326
626
2188
1564
701
769
2907
109
1127
2758
1532
890
3133
1653
1469
1798
2088
2753
914
2503
2338
1454
2642
1752
639
1268
787
2111
2613
820
2044
1391
1393
110
257
2986
1841
1597
1712
360
2194
1574
2156
2677
85
805
2628
2855
113
1291
2008
3085
2080
341
76
2789
2407
2863
2083
3321
1934
1183
2682
399
3305
1329
2269
2833
2851
2329
3309
1792
926
863
758
1964
2565
375
1676
2864
74
1249
1869
3180
3310
2479
116
3296
1508
1466
3212
723
2915
1967
1295
107
1031
892
472
1888
1972
1340
1795
1794
2716
2604
389
2634
3274
1566
421
1909
2627
2694
2553
3082
251
1551
2781
427
114
160
2953
19
2454
3177
276
2505
2547
