2246
1343
1197
2633
861
1692
522
25
1456
525
1237
2059
130
2327
1586
1492
1607
287
2012
1306
2481
1019
1708
911
518
700
1762
1270
1027
70
2110
2036
957
1835
2360
1482
1658
822
89
2350
1329
865
1000
1647
2134
1339
1683
767
2511
151
9
706
488
508
2695
1161
1967
375
2168
762
2528
1962
1363
2198
556
2210
2113
1181
1050
109
777
1156
2416
1761
1504
27
768
639
1288
1078
2242
2679
84
2115
468
2160
945
969
423
1926
2140
2362
250
352
2417
4
1397
1722
2108
2510
48
573
904
1097
1172
841
645
2022
2167
2693
1908
869
248
2025
1759
371
1241
278
577
218
891
1993
985
1666
1338
2221
2578
2669
929
623
637
2069
2420
2008
558
1502
2474
1909
185
1168
2461
280
2293
642
1941
1478
2348
2266
1427
533
292
1347
1765
511
2016
1107
256
64
300
2060
806
454
2294
2635
2245
927
994
539
32
1621
1001
1123
818
831
1699
289
2502
313
2568
1843
634
215
2520
1278
2359
1121
1426
47
236
2622
1475
2607
2215
1535
883
1155
449
1465
1194
49
1420
2652
2581
1215
2473
643
2593
2062
166
1570
1126
2403
266
66
86
2640
2253
1244
2291
1963
2100
335
2290
2312
2171
29
2587
1071
1445
1011
87
1569
2436
223
1182
1819
1519
1721
379
1944
1226
2591
1256
2636
2431
216
2194
1720
396
1429
633
451
186
1844
173
385
2666
37
2014
35
1438
564
2432
3
2430
575
636
2328
1546
500
295
1845
2687
1632
73
1253
21
2485
1711
2179
1649
148
2536
1687
1459
2309
552
870
483
24
197
34
621
2248
856
846
1670
2519
2254
2277
1409
1134
2512
448
1131
1351
2280
755
65
163
935
681
1931
219
2030
2429
1832
959
1439
1279
1571
1167
2274
1231
1362
1009
361
1797
2317
844
1249
2001
2261
1034
1734
1070
2446
2177
2637
2704
2667
2659
1113
2173
1395
2673
1925
1098
188
1690
2600
273
744
209
2255
1065
1516
1784
1544
789
2170
1917
1646
2130
422
2298
2089
1063
1054
55
934
2058
2478
1392
1598
1432
1179
921
1912
528
328
1430
359
496
1200
590
1176
1389
1645
1655
2355
2433
1884
2612
2121
1068
1418
113
1815
1579
796
1825
873
83
730
544
1968
230
226
874
144
676
504
529
1283
2477
2376
677
2603
2537
202
1150
1970
1220
123
2576
1044
268
241
198
134
2582
1100
2304
2013
2120
489
2306
1873
840
2388
1920
2562
1770
505
122
77
1461
2284
2227
399
2409
545
617
586
839
1562
2570
2394
731
193
680
320
687
355
625
1806
2606
2448
919
1075
561
1559
0
908
1795
2500
2385
387
310
2594
716
907
194
1387
291
2349
1005
1243
809
315
2542
930
2336
1520
1916
2095
753
1583
1088
1725
341
409
443
1346
2662
1014
1171
2615
1701
2214
1637
1656
263
2533
1058
863
2263
2260
881
2674
383
1885
906
2405
190
1251
1091
1341
1394
2393
238
2386
1793
1865
2090
1914
2438
979
255
635
334
1853
710
2483
481
1095
2273
1858
591
1004
2015
2555
2331
296
319
1433
1748
171
848
722
1173
1238
1964
2315
1164
164
2475
430
1848
1671
798
251
761
2063
2002
1403
327
442
2166
898
1543
358
998
1716
2561
2434
913
711
788
827
2081
2159
105
996
1419
2577
1029
2148
2575
1162
2380
1076
1713
713
419
2699
1900
2366
704
1507
557
894
1186
324
138
2372
1385
2151
231
285
540
2310
434
760
901
984
445
1531
150
457
991
981
1048
683
318
801
470
2447
1348
1497
2338
1002
1892
482
2213
2240
1327
597
509
2589
2142
2609
1776
1073
2650
316
135
1297
1081
2195
2188
1849
2480
1228
804
733
2647
691
2437
162
82
936
45
1703
2222
210
2453
1625
1193
548
103
567
882
1958
764
1184
2204
1060
2407
1136
1730
395
1890
1030
2630
2251
2238
2055
2515
1696
1225
1577
1207
2624
2296
475
717
237
1325
1523
42
1391
546
2269
2116
2363
940
2396
357
833
757
1473
343
2265
890
2440
914
1031
1600
547
1524
784
1149
1998
1373
1949
58
18
599
610
1093
36
1996
1028
1592
17
808
1258
2107
2203
1451
2129
46
2625
980
2050
1017
97
1285
589
1508
698
1262
519
655
1672
2621
2672
832
365
1090
1709
1710
229
693
1056
207
1591
516
751
2344
1421
2400
420
2459
340
1295
2279
8
2382
1564
331
1773
2185
180
2239
1644
1293
1450
2599
1300
816
2085
1022
1601
1669
1235
2345
1223
876
1444
431
1491
2156
1827
1135
1566
1309
884
2508
2487
1786
1267
794
459
2004
1550
1198
1792
56
400
1388
2657
264
2356
1833
2467
660
1861
926
1322
887
1449
695
6
903
1290
2040
456
418
2583
114
2092
1025
2053
638
159
381
2141
732
88
2367
1522
792
2651
1888
2005
1986
507
1567
1360
1104
786
672
208
1187
2320
1605
40
2326
1824
1484
1170
2324
1006
931
791
20
2098
2627
1132
740
2689
1514
227
2694
2391
323
2225
1053
1705
2066
2690
1875
78
1521
1358
438
1337
640
1862
853
1185
624
2509
2696
885
1361
1062
1823
2031
2146
924
2560
2354
550
1897
1618
2653
308
2297
555
514
436
2182
2073
1003
1500
1702
1227
1808
2172
549
574
2028
299
571
98
181
2180
2623
1273
2145
2006
977
535
615
2580
1074
1310
497
967
2099
614
836
177
1661
1468
2342
790
560
1199
378
1390
1191
1189
596
1024
1260
1678
1364
859
1739
267
1510
2685
847
1469
453
242
692
2548
2011
199
1296
1561
1460
2423
1863
54
1400
140
2675
424
1026
2618
157
2333
421
382
1505
955
1595
932
1092
778
1109
2067
517
1712
618
2197
52
1174
1032
2476
2080
1727
2329
1124
1269
2644
79
2346
2418
317
569
1918
2495
1236
1386
1160
1280
795
1166
2455
1576
322
2054
1105
1924
345
2573
1934
99
275
1545
850
2318
1458
41
1988
1436
729
2543
944
464
2208
347
2525
2558
71
270
1800
2323
1087
170
1287
2136
1357
532
2078
1899
76
339
332
1983
1619
1749
987
1803
155
1660
661
325
1375
1503
1020
1910
976
2654
2532
392
1614
1641
2311
1393
1624
1938
1733
1764
74
2076
2017
2384
2343
182
2546
742
584
1802
2389
1991
2064
1994
389
2401
2419
62
1083
1593
1937
2341
2287
1141
2153
279
787
1525
2697
802
484
950
513
1978
416
450
1913
895
429
510
1255
108
115
952
398
2464
1856
2566
260
1463
1842
838
1829
715
2559
954
993
1158
1308
2219
1731
1681
2682
495
246
1015
2138
126
2463
889
498
1613
2596
855
211
81
467
851
1147
871
1747
2144
852
1479
647
1268
1723
1907
2404
95
697
67
2301
725
1906
2425
1133
632
326
2531
2097
2161
1901
2169
1945
161
1942
1995
1506
2492
2460
1437
776
1922
897
2677
1608
1294
1555
137
1372
342
1201
1870
1276
2094
1548
723
1086
2428
2235
684
2634
2700
1777
2588
401
971
772
2421
1876
759
2000
2285
2590
1654
1549
2292
12
1415
909
2458
491
1425
1852
2462
646
1335
905
1868
2698
2241
2377
619
1512
93
999
117
2127
51
1532
2288
2468
1582
485
1933
2514
2661
312
1838
2114
2034
896
1972
2456
1783
748
276
1977
1992
452
888
107
94
1108
1527
5
892
915
2164
1326
131
1742
2660
1714
1291
1013
1682
1064
2234
2488
1898
1324
1240
973
1128
1894
1336
1381
2088
917
515
1757
2620
2524
1602
2506
2592
2313
2529
376
1982
1414
2443
23
1857
499
2375
641
2276
1210
670
1695
2035
1752
951
1084
603
583
2071
1401
2308
2585
1089
1496
441
1152
172
2656
2482
1212
1412
922
2616
2645
2415
534
1855
1636
1498
2048
2091
1263
1122
1163
1040
947
149
2123
752
1416
1597
1377
486
858
2128
245
225
2605
13
1350
1111
594
259
1635
2466
1344
1626
1882
2556
1648
1698
1653
2303
817
799
2658
1809
44
1039
819
541
1574
1830
1674
1033
2010
2544
824
928
1214
1413
1706
862
288
1101
1617
2692
629
2395
593
2289
2471
1154
1483
2037
937
1407
2665
2122
1534
2319
1317
1707
222
2061
986
1513
1904
2057
1877
1642
1976
479
1233
923
1345
2244
1735
2369
1138
1354
69
61
30
1860
2052
835
1125
983
303
1355
1568
2484
2364
2299
284
1640
147
1302
2398
1805
50
1209
2465
2075
1951
1148
2371
857
1047
580
1554
2231
649
2565
1453
582
2038
2184
1584
221
690
612
1864
2547
2626
2489
183
414
478
2074
1553
1680
1665
825
2157
75
1046
992
686
96
2399
1552
578
262
1304
1542
1989
2597
783
1804
1987
1537
116
581
2131
1367
543
785
1248
2137
679
1556
1448
1368
1854
2614
2706
1180
1275
1726
521
2189
1596
960
119
1528
2045
675
2539
432
1177
426
2550
314
176
2070
1881
1082
1008
1489
2079
997
178
2450
837
1781
1442
195
1007
1627
1010
2534
286
2617
165
1259
1085
184
2663
1919
1151
1578
707
1486
1837
652
307
2032
2229
2365
344
2009
1434
1955
433
249
1428
1961
2426
302
1651
1165
735
2163
2126
373
136
963
1609
1539
893
2493
2527
106
654
2300
1271
2190
2668
2096
2424
2158
1
877
417
1620
1750
1622
2149
2282
1061
2339
1679
2449
849
2649
1292
158
756
1370
1956
428
1301
1587
1686
1234
1684
669
2132
1102
2441
2217
598
224
1312
348
196
2602
1049
1208
2106
585
156
1314
2368
92
1213
370
321
281
466
568
2051
410
367
2209
1693
1560
1768
1137
588
551
2027
2018
2586
471
2118
671
843
1754
306
842
1316
118
2411
239
1012
653
2444
473
566
1557
657
688
128
506
490
879
465
1183
333
559
298
60
775
2494
656
1447
2408
425
2
1859
85
807
749
1599
1581
277
252
63
477
2629
1782
412
1378
2174
1954
750
1192
875
374
554
1616
455
274
1540
463
2305
1758
2406
734
1975
738
1643
2442
502
933
739
2412
1529
16
562
1589
650
220
1376
57
1979
2183
1767
1349
563
440
1957
1969
868
294
39
446
1841
1791
2628
1816
167
460
1045
1515
1443
1440
1780
492
2207
472
1828
132
1779
565
1573
1217
2150
699
213
2551
305
2007
682
644
2655
247
1202
601
1741
1585
773
2472
988
1371
2379
1036
1533
22
1140
1232
2250
602
2702
2237
1159
1441
2103
1466
1264
1230
1738
995
860
1965
141
1756
815
2165
769
2102
2518
1946
1261
942
2232
2199
953
2047
727
329
403
240
714
1565
38
1035
1404
1831
168
53
758
803
2077
2087
1106
1771
2286
2104
1985
2604
1333
1921
2646
1178
854
1305
2664
2347
1999
1689
2402
2271
2302
1016
1221
1715
1299
1018
2200
1396
1224
880
2295
2353
1980
743
811
100
1736
1218
2175
1807
2688
964
120
1799
2264
1467
1603
1334
1353
1286
1380
961
189
1204
1673
2705
2086
1943
2249
2554
1069
390
689
2259
1984
1474
2613
145
2202
1530
2226
2111
2257
1518
1096
970
1694
2196
1959
1638
372
1796
1303
1206
2216
538
728
2643
1580
1455
1883
1973
1826
780
1558
965
265
2470
2220
943
493
1971
1330
380
1880
2330
1911
2101
982
1257
2563
1691
2392
1476
1729
2139
2332
1769
1717
1099
1424
1878
938
1740
1905
415
1745
712
2267
2521
2193
1408
2211
721
2206
2152
1685
1142
1410
139
2598
966
1594
2451
902
2082
1836
1219
1114
290
1840
1588
2638
1139
800
1369
1650
2003
1332
2479
1688
2361
2065
523
1331
900
1077
1663
2641
1728
1117
2192
1785
658
1130
2541
2490
1775
1572
309
606
956
1175
1216
1143
191
1127
1110
793
972
781
2205
1790
2504
1541
958
530
1675
974
1274
1611
1379
1205
1563
1940
2516
1936
1628
1311
2252
1834
910
2564
1743
941
1631
1850
243
1277
2316
402
129
2703
2039
2334
1495
1662
1319
1153
1872
813
228
11
1737
2133
1536
1719
1839
1930
1590
1575
537
765
1950
1481
444
1144
2678
1196
609
1052
2258
469
142
685
232
2143
1893
2469
1490
1472
1538
1820
607
1817
272
1417
1254
726
2322
2503
1118
797
659
26
2522
2084
1431
1659
2540
2530
720
1457
2352
391
2452
2224
1021
102
1384
2281
2049
1146
1615
1477
2571
407
2272
146
648
258
90
1480
2109
31
152
600
311
1402
1119
946
948
667
304
2223
2243
651
1471
19
353
1818
447
2178
503
283
2112
1470
1798
393
1203
1966
829
2648
1487
872
630
2553
2681
2505
627
2390
702
206
1891
394
427
1365
363
1499
254
1252
1668
1788
989
2119
101
1080
366
1359
501
336
271
2545
369
2497
175
1041
912
1811
1753
192
494
2619
2552
2501
1195
1794
524
1923
269
592
2046
664
480
124
476
572
1610
2595
1948
1501
2124
2230
2278
867
2549
1812
2373
1778
1697
1772
2374
705
1789
1604
1188
2631
2557
864
968
1766
80
214
1454
526
2611
1462
33
462
2044
2632
2507
1246
2435
2068
1321
587
2072
1704
1313
1667
1997
200
1509
920
674
169
362
613
1676
356
724
662
2212
826
1342
2579
104
301
2383
7
1871
694
1037
1774
1657
1422
474
2422
962
351
338
1446
2283
2381
91
1382
1652
2335
2427
2029
1763
68
1485
1245
212
28
2056
1239
1732
605
2378
1298
2608
2499
397
2233
15
143
244
673
1928
2105
205
595
1366
1059
174
2325
1229
404
1323
350
1915
823
1896
257
330
1423
520
1630
203
2021
718
1057
2358
1340
1289
2691
527
2191
708
2236
368
1115
2262
771
1889
2228
918
1328
1266
1821
2307
1612
2684
512
1813
2676
1383
14
2410
620
1511
2639
1094
1284
604
1677
2535
2023
814
812
2176
1787
253
364
1120
1066
435
1067
406
1801
413
337
1866
703
1079
2523
2041
1494
1751
1746
611
1947
2125
1879
1718
1952
736
2351
2270
1405
179
866
763
1551
1211
187
1356
2670
217
1623
828
1851
2601
408
1190
878
1307
668
531
542
2569
2439
701
1038
2707
2491
461
2218
779
1810
2387
121
2019
1320
110
766
975
990
297
154
2683
1755
112
1664
386
1112
1399
111
770
1700
1846
1517
1724
2083
1927
1452
2340
1464
1493
1903
665
628
626
349
1129
536
616
411
2337
1281
1145
1869
821
2572
1072
1352
2574
2357
2567
2042
2314
2454
553
2187
2020
1157
2370
2268
925
834
59
2486
1874
1974
2155
709
1887
2181
388
1932
1639
622
458
2498
1847
830
2162
233
745
576
899
2513
805
2186
1960
2117
1398
1250
1935
1814
782
487
1822
1247
1265
1488
439
1990
2147
754
746
2093
1222
820
234
354
1411
384
2275
2642
663
608
678
235
1043
1374
282
125
747
570
666
293
2517
1242
2457
127
1435
2201
405
160
1272
1023
2680
10
2686
2397
2671
696
579
2043
1929
43
1895
346
1051
2026
2024
2584
1633
2154
631
133
741
1103
201
360
886
1116
1886
2256
1042
916
1406
1169
2538
2414
845
1526
1547
261
2496
1939
72
204
153
1318
2413
2701
1055
1315
949
2445
1867
1606
737
774
2033
2247
377
1760
1629
719
978
1981
437
2610
1953
939
1282
1902
2321
2135
2526
1634
1744
810
