1363
1025
2644
865
199
157
1862
1586
1000
9
884
6
2225
171
761
2509
618
2012
2004
1161
1460
1683
2483
1306
1962
287
1618
2273
438
1273
1567
2694
2054
794
710
109
1708
2099
2011
977
1967
2168
571
2690
859
114
1329
836
159
903
1310
1456
1074
1026
400
140
695
1712
296
1835
1514
1270
822
556
876
2198
2356
2689
1500
2627
1338
117
2016
788
1723
2546
1913
1064
1937
280
2416
2474
2514
704
423
1900
1747
713
1922
115
850
2078
1876
2669
1156
985
1268
1503
2094
577
2064
2219
27
1829
2153
94
1502
2114
292
1994
2234
1988
1731
1941
1479
161
2419
871
1291
742
1158
352
1141
2698
684
1087
1437
1995
511
137
1545
185
2575
1162
4
324
954
715
894
2287
1287
515
248
632
1168
1288
1898
759
2081
1856
2588
971
2313
944
851
2074
2473
825
2556
1698
1854
2289
1626
1046
1385
284
2489
1350
256
1047
1864
2359
2052
2398
2294
2157
2035
1138
947
1987
1002
457
2502
670
2484
1048
2037
752
300
414
824
2057
166
1233
2215
922
534
2061
2547
2614
2544
1892
806
1215
1033
785
818
259
649
2319
1304
1570
318
581
195
1519
2282
1256
135
302
1071
963
877
2142
707
1569
960
2636
2539
106
2650
1956
2431
1651
1819
735
2587
997
1539
223
432
585
1620
224
1085
314
1919
286
307
2591
1183
2179
2494
1217
2309
559
412
2222
1969
410
1599
1979
295
45
621
554
2
173
2437
2586
1780
552
2628
565
2432
1228
2305
775
35
1779
118
502
882
2666
500
1202
566
1632
671
1649
103
691
298
2251
2516
422
1563
2479
728
402
2519
789
2196
1131
1063
1516
2638
1611
959
53
2334
1943
1178
1030
1796
1675
1689
2396
1729
1408
1638
2255
2451
1325
1905
189
965
2330
1070
395
1831
1060
2211
1980
2277
681
1971
1775
2363
1745
2058
100
1362
2302
811
769
717
1106
780
1984
1305
1279
2646
1936
2702
970
1264
2257
209
2613
1353
2030
1476
1396
2238
1331
2082
658
2237
1034
2116
1965
1424
1334
1769
1577
232
124
1229
921
369
2023
113
388
1916
949
2355
283
1477
545
2608
1041
754
753
1451
2228
1313
1057
2124
1657
655
830
2445
1851
214
362
1176
1307
1399
2553
58
766
503
2263
2218
2486
1243
2135
411
404
1871
625
1169
1402
19
1772
1511
368
1818
1970
948
2674
2233
1656
832
1499
1814
1457
351
212
572
187
0
1418
678
1417
1885
1245
1639
2095
1889
304
2440
1488
1461
595
1285
2268
2625
2672
627
234
1058
1612
2376
1508
547
607
1600
579
2579
14
1471
812
1295
2500
1672
1384
2385
393
829
1284
91
2381
1250
1094
814
512
83
2459
610
269
2270
1405
1359
840
437
2662
609
1144
2540
873
1283
553
989
1998
2307
2537
1195
784
709
1120
1817
962
355
2382
2013
939
1365
1774
736
586
1947
338
2599
77
2538
863
1323
253
520
867
1766
217
102
152
447
779
2683
2487
2467
1390
2015
299
1174
1223
1469
1671
2182
1858
2110
1361
323
2066
2156
1173
2623
535
2476
762
1280
1337
1510
2331
1238
2180
242
1861
1053
1309
2528
2695
181
1566
2420
2293
419
2506
1335
2063
896
1186
973
450
1108
2311
326
170
2166
279
723
2169
2682
2461
1909
401
464
869
2375
892
358
126
376
2140
105
510
697
1415
1624
442
182
327
1641
345
2404
1532
266
679
783
478
686
1642
2131
634
2482
2338
1163
1125
2371
937
482
1804
1354
1084
543
1126
1483
2123
583
2447
981
1531
2520
1412
215
2106
2617
348
1275
2188
2149
2534
2096
509
2240
1578
1622
669
136
249
1849
428
756
633
492
1438
2207
1515
2007
738
451
367
247
374
2174
1828
682
460
1791
1687
2408
2209
21
1573
237
1096
1481
2003
1110
1840
273
65
1588
1218
1834
958
2039
2379
1797
854
1153
1016
1035
1738
1771
55
1495
2265
2177
1054
2504
2624
1685
1432
902
2152
982
1099
2402
1691
2688
2047
1688
2111
727
1052
2414
1373
1770
816
330
746
1464
2569
2187
391
297
693
293
1321
121
2021
180
2105
809
233
899
1604
2394
527
2533
1090
1866
1146
1579
435
1778
1037
101
2042
2422
1247
1865
36
230
701
1551
2530
920
980
2143
1494
1923
1822
1724
2072
331
144
1258
919
2610
458
1435
1470
192
631
2639
1538
1044
1051
384
1157
667
2523
918
258
1509
1997
198
487
346
1450
1710
2351
702
474
2346
1918
1748
1006
2560
861
1550
2145
672
1444
911
2580
1166
1607
1521
1702
740
1027
1897
1019
778
786
2006
2475
2360
2146
1468
130
1522
1290
2345
1364
418
1727
1105
1267
1492
375
56
1198
791
2651
1032
1661
2320
2481
507
518
2073
1181
640
1786
1236
78
1863
1170
1227
1124
1386
164
2548
2134
2342
151
955
514
550
560
1491
2059
2333
1824
497
700
2354
2696
1692
2092
1986
2324
70
1827
40
1505
2508
1924
2653
2391
79
1853
1964
1875
1235
767
1647
322
1808
1191
2246
2329
1400
488
1024
1135
1823
255
1343
887
1658
1848
2675
1482
525
2036
722
1185
421
1669
1388
790
2040
2633
924
2495
431
1296
1104
2583
569
2555
624
1199
555
1187
308
853
20
798
2327
549
1095
2423
378
456
1739
574
208
635
614
89
1237
2511
2685
267
453
1678
1576
2113
1160
931
1189
2350
98
430
615
1605
2367
251
177
1004
795
1595
885
1109
1433
2141
2053
2326
2297
1322
967
522
517
1260
52
25
1050
1339
2657
1449
848
1269
1705
1164
424
1360
508
2197
1003
1358
1062
317
1833
381
319
1762
660
334
2618
227
459
2098
1888
792
382
2455
706
847
1792
591
1561
2080
481
88
932
692
638
596
926
2418
2067
2172
1484
436
1132
2028
2210
54
732
1197
264
1092
2005
2315
957
2031
802
2654
2097
1372
2341
647
584
2148
347
1276
2700
1870
389
371
1512
155
1982
2301
2590
558
917
1907
2384
260
998
62
491
332
1654
1015
2380
987
768
2034
2566
2558
76
2660
1713
1934
913
2318
969
2167
416
2242
1908
2456
48
2531
2076
93
905
855
2425
2266
1555
81
2573
950
342
2288
138
1608
1852
2160
2428
2468
312
325
1838
2559
2144
787
1910
12
1097
1992
619
1076
1800
646
2699
74
107
952
1991
2529
2241
1759
1133
2460
904
2488
467
2069
2136
1714
557
2088
1308
661
1463
1681
2108
1436
218
929
392
2208
1777
2389
641
776
484
1682
1478
1240
999
2463
1201
1733
1507
1375
772
499
2462
23
1716
1926
1347
1761
1619
1543
725
1086
2421
2693
1336
250
1527
51
1427
532
1783
729
1419
429
1742
1938
2366
1078
2292
2677
1147
2661
1381
2235
1899
642
2634
898
1172
2159
2115
1660
1933
827
275
1549
777
1614
2697
1525
838
1593
623
2596
1972
1020
1128
2464
41
2138
1393
748
1722
2510
398
2022
1504
1803
95
513
1983
2679
976
2002
841
2401
495
1894
645
1765
1083
5
99
1506
2164
1255
1324
637
1294
1613
2285
2127
2434
2362
71
2532
891
2343
1013
2221
2377
852
276
1403
2561
2543
1978
498
889
1977
2008
1757
1548
945
1764
1802
2592
1906
1029
452
897
1458
211
108
993
1842
2417
2348
67
2000
2525
2492
711
1666
2458
2443
996
131
1414
1326
84
485
246
2578
1868
573
1945
2025
270
1602
2323
1582
2577
909
2161
1241
915
1942
1397
1357
339
1749
1993
1901
468
2524
2620
895
1425
2017
1857
278
639
533
888
2372
983
303
1635
1554
2568
643
1123
1107
1317
1640
245
1855
2471
2616
2364
441
1653
857
2593
1860
1148
2245
150
1302
1904
44
858
817
1882
236
2128
683
2706
1355
2231
2091
928
2276
1553
578
64
1989
1843
603
449
984
454
1706
1367
172
1210
2137
2062
2652
629
66
222
225
539
470
2565
690
1465
47
1951
2658
2635
434
883
1735
1537
927
1248
2060
1498
1556
2122
540
1040
221
231
2299
96
147
2244
2303
2605
1453
1039
116
1680
32
2597
1699
799
313
1617
1209
1597
1475
1001
2038
582
2184
2403
1420
1155
1448
1111
1212
1214
1122
923
862
1377
2010
1416
1830
2656
2665
61
1535
1568
951
2399
1413
580
1976
1101
1542
486
1695
1574
1407
2645
1154
49
831
994
2048
2626
2308
2395
1665
50
801
1674
289
1809
285
75
2151
1752
1497
1513
69
760
1348
593
183
819
612
2415
149
1368
992
2465
262
13
1278
288
986
991
1584
2466
1621
445
1263
30
1194
1805
2692
2607
2075
1152
2581
2071
1121
1496
1401
1707
1426
1089
2585
1534
2310
901
1648
2369
2622
479
1345
1552
541
1344
594
1636
835
1877
1442
196
2663
2079
1627
2290
1726
2550
1082
1837
597
1429
1271
1776
1750
2163
1489
2158
1528
1587
1007
1720
2009
1297
1081
654
1292
216
158
2365
1445
1177
1301
1609
2436
379
1011
2493
2194
344
1721
316
2668
1165
2217
178
176
433
2649
1244
2339
2449
849
2229
396
2300
1312
893
1781
1961
165
184
1686
2213
156
2195
1061
1073
2070
2589
2426
29
2189
373
1486
1428
521
652
1182
426
1151
1679
335
2424
2441
2045
1370
1596
1434
2253
1944
2291
1327
837
417
1008
1234
1684
2602
2640
1963
86
2312
1955
2132
2100
1102
1226
119
2527
1208
1010
1259
2126
1180
1881
1049
2171
2450
2609
2190
2032
675
87
1
598
650
167
471
699
162
739
37
733
2051
988
57
1529
1703
1957
85
568
1193
843
879
2411
506
1137
1192
1845
1540
1557
306
657
2551
60
688
868
440
636
656
562
1975
734
1546
132
92
2406
1443
1349
1782
2687
1440
875
551
1711
1012
294
425
575
842
1213
1560
1758
186
370
1376
465
73
588
1316
1859
473
305
252
933
653
2328
1616
1585
1954
321
749
213
333
2150
644
564
2444
563
2027
3
2183
239
2018
1589
601
2472
39
34
548
455
477
2430
483
1378
773
804
2647
472
1816
1314
807
385
128
750
463
1693
2536
446
1625
466
1767
210
1253
2480
63
1581
2629
1459
2442
277
2655
82
1643
1045
197
2014
1844
24
936
2485
274
16
2412
567
2453
1768
1754
2118
1447
490
1841
281
220
1741
2368
148
870
1207
1065
2490
1221
910
755
803
2643
1696
2087
1839
2259
1930
2220
1404
793
1409
1311
1558
1917
2130
953
1184
1127
1467
1575
1333
1159
1142
1832
1999
1332
1441
240
493
2673
2101
2604
1572
2133
448
2086
972
415
2667
538
1474
1603
380
1351
2598
712
2271
2353
1590
1826
1224
2175
938
2248
1715
2295
1736
1950
2512
856
1662
1737
1594
2205
139
995
2554
2077
372
129
2392
1286
1219
309
1959
1670
2563
1663
1380
546
1077
2250
2564
1139
1536
530
1890
1946
2267
1523
1143
1807
1730
1369
2001
1530
2703
1836
1785
765
2199
1880
964
228
219
1277
2478
1257
1473
2280
2515
2361
1740
38
42
758
1878
343
966
243
1136
2286
1565
844
2204
2659
940
1719
1439
2216
1230
2232
833
1533
1009
2139
961
1756
2269
1973
2600
2206
1466
1330
943
2407
846
2226
935
1249
2429
1544
941
2705
1925
11
1985
2274
2089
1098
120
2518
1650
757
1206
1455
2521
1799
1734
934
2541
145
1274
163
141
2173
1598
1392
537
1140
168
2264
1167
1518
2103
1261
743
2446
2249
2065
1130
1379
1872
290
880
1541
1646
2347
2102
900
1299
2055
721
2170
800
2637
2192
329
1069
2296
2202
1018
1175
403
1114
265
390
1631
2641
1921
2664
188
956
974
1784
357
1883
2317
1303
1231
2200
475
1232
1850
1628
1580
1410
1911
860
2298
1391
2254
1134
1790
1371
2316
815
1958
2261
1113
2630
764
1395
942
1205
813
689
744
2193
2252
361
1743
1690
1204
1571
1931
2704
2470
1940
606
1117
1717
781
1319
1225
714
523
1694
2332
1216
22
602
1673
2104
2165
191
1728
1036
1895
504
2576
301
2247
2477
1480
1115
1394
1794
341
1700
2648
1990
1281
1601
337
2562
1968
1886
17
90
1031
930
1196
741
1067
349
2454
1928
906
2243
1789
1633
2501
1398
2632
2671
524
282
620
2642
1668
2567
413
2631
2214
805
2405
2358
1793
8
2615
377
2549
350
291
1559
1704
2427
2498
104
2681
1430
59
600
1929
1093
31
979
665
886
1293
2239
626
1411
526
387
1366
1746
2676
469
160
685
1246
143
516
1520
2306
916
360
1820
1623
1066
528
205
133
2388
696
407
2278
409
200
2448
2603
1103
2119
2107
1753
2340
2707
890
1072
2386
1222
782
2499
2517
244
2505
2191
1382
845
1389
1787
174
2686
2678
1059
1298
774
663
46
628
561
570
1606
730
397
2181
476
443
834
1454
881
1356
1825
544
33
694
648
206
872
1028
127
590
1564
480
1547
2370
272
1422
668
241
2020
978
28
1251
1406
1981
439
1254
2093
810
1472
1629
1056
1239
866
1042
1645
1272
18
2041
2469
542
1485
2582
2542
975
203
10
2584
1701
2601
1821
839
1755
2619
1328
134
26
1637
698
194
1795
2572
1423
2186
1903
604
2185
1091
1815
737
1431
828
1592
990
1145
529
257
1320
719
2147
576
420
1421
2085
2606
2056
2621
2684
2272
1974
1266
1927
1112
914
2033
2680
770
1798
1813
179
1055
1021
1939
1615
271
1374
1171
320
2336
2256
356
1282
1744
1655
80
771
946
169
2513
2112
142
1667
605
2109
2325
611
925
193
2535
1079
1014
146
1265
2571
111
797
673
2452
1652
1763
968
1949
878
2496
2409
310
1383
1150
254
1524
1188
2281
2574
2400
617
7
630
519
2439
531
1203
72
2670
613
2438
1659
796
724
1583
2090
1935
664
2701
2120
1501
2387
2117
1610
383
1315
2162
1129
1340
1801
462
405
2230
616
2352
328
1847
1677
2503
2155
705
1452
2349
315
589
2046
587
821
1912
365
2224
1446
622
505
1952
1119
747
1352
2284
408
1948
2410
1960
1022
1043
1262
2507
2557
1118
2203
235
461
238
1996
826
1517
399
1920
2335
1751
2260
1068
1462
2283
229
1562
2227
2236
1038
2024
2378
1867
97
2154
2044
1812
1773
2491
1697
823
2258
1966
2497
2611
2433
1023
496
1732
1891
1887
112
2125
2397
2121
2594
2526
2201
1914
1630
15
1591
1953
311
2026
1100
1220
153
1526
1932
406
687
659
1718
666
2029
201
2570
674
720
703
366
427
718
1346
207
751
2344
43
1080
2129
2393
1017
2176
1709
2691
2390
2337
2083
1242
1806
536
1874
2304
1318
912
1116
808
494
2383
2612
1896
745
1289
1676
1644
122
2413
2019
2223
1490
908
680
2545
1252
651
2457
2552
190
1788
2279
2049
110
1884
1873
1211
154
716
2322
2275
202
2212
359
874
1387
1810
336
1149
820
864
1005
2084
68
1493
1879
2435
1075
386
676
340
204
2522
353
2068
1634
2595
175
592
394
1088
226
708
354
1487
662
2357
608
2178
1200
1893
1179
1811
268
731
1664
2374
123
501
1300
2050
599
363
1342
1869
263
1902
2321
2043
2373
489
1846
125
261
1915
677
907
1341
364
726
444
763
1190
1760
2314
1725
2262
