615
1199
1522
251
2367
2685
1160
181
54
932
2690
299
2418
2483
790
1026
1482
177
1962
9
1092
20
2197
706
535
2455
640
140
2423
1135
1702
400
903
242
955
791
1310
1708
1521
1967
2180
2508
2099
1062
1692
227
957
2511
88
507
381
1762
911
977
1238
2320
2329
2146
1329
836
1433
334
518
382
2012
618
1661
624
1306
2467
2578
2384
558
1415
952
661
1681
2425
1425
1608
2669
1991
325
429
1335
1759
2000
1419
398
327
2159
2404
1172
2620
1994
2266
71
1029
1087
725
276
895
2464
1722
211
2543
768
4
1201
1241
2008
2419
1458
250
2377
2094
1502
987
557
2693
515
1338
1543
1907
2127
1761
1478
2069
352
944
2654
1977
2088
2529
1013
1619
2323
1803
389
1654
1381
1525
5
2525
2380
772
1922
2697
2677
126
950
2208
2573
67
498
2568
2369
1148
1531
2245
1465
449
1089
266
947
414
1556
1653
752
434
2038
1665
983
2123
1002
806
1355
2308
1412
2502
1882
1809
1345
1407
1640
2466
1804
2547
984
1426
1597
1377
603
2616
539
1534
457
1698
2184
1584
1084
1892
2071
303
1413
690
231
166
1695
1420
2585
262
1976
583
1007
1292
1569
585
1073
598
756
86
176
707
184
1151
1776
2449
2589
2339
1
1297
2441
2189
1256
1837
1963
1259
735
1271
106
2132
1679
2190
2636
1486
1445
2106
2194
1587
1045
460
2472
471
213
2
1183
2411
1443
699
875
564
1768
220
410
2209
305
2207
132
1376
1546
281
1687
601
2179
148
2586
247
477
882
1440
562
85
1643
1560
1649
2328
128
465
321
472
2222
2629
1734
2703
2646
681
744
1832
2202
2200
1921
11
273
1279
145
1603
538
959
189
1738
1140
1131
982
2688
712
2664
2030
942
1730
1466
2255
1544
1536
1474
1905
2490
1408
2055
1999
2039
2554
2363
1063
1930
1662
846
2353
1371
1769
1036
2204
1167
1380
1831
390
940
2637
2516
1136
163
1799
1890
602
1432
1756
2173
2479
2512
2638
833
1784
880
965
2296
1533
1880
1054
1745
2659
1305
1541
1261
1362
1225
781
200
476
576
600
2676
1813
1929
2049
2284
33
731
1398
113
572
698
46
2567
1787
1851
620
812
80
2041
2314
391
867
2201
179
1499
2582
664
28
1490
2381
77
363
206
2230
254
338
1211
2496
1773
627
736
2181
648
1869
570
608
362
1634
553
258
1389
350
1246
516
2382
1145
1150
1041
2335
2670
2611
590
1289
1763
1871
1471
1320
496
1383
2562
2120
487
685
2336
2500
1266
1610
2026
144
949
1058
1822
520
975
91
2307
1664
2239
1659
1431
1417
726
1356
1295
1229
494
198
2552
328
2272
703
655
1676
595
1430
680
1014
2625
229
261
1103
1342
544
719
26
377
1879
1990
18
1725
297
2214
2143
355
771
1884
1968
1770
1559
2357
353
2186
2498
2270
1044
545
1667
1889
2224
1798
705
0
269
1088
1488
512
662
2024
1346
1815
886
1812
444
469
1171
346
2385
235
1511
1595
571
1235
6
560
795
931
2273
672
2098
1567
2356
424
1280
164
1500
378
695
2354
56
1748
438
2391
1848
1705
522
1269
1164
2560
2528
1181
1449
1003
1491
255
81
1512
513
2443
2566
2462
452
2144
2138
2313
971
416
1020
51
1614
468
2348
1532
1255
84
1287
131
2596
2016
998
1097
1857
95
2463
1064
748
1876
2241
1582
892
185
2698
1527
270
999
2362
1168
2371
1805
30
1752
862
32
225
1163
2565
2652
1864
1354
1570
1617
215
1542
1152
541
1483
2607
831
2656
1101
783
1680
259
2131
289
1553
1434
2149
2436
1750
428
1489
1919
1519
652
1301
426
2291
2282
960
2126
1082
216
2649
650
2430
506
34
621
1378
1515
2408
92
738
39
2412
63
733
1625
1573
1957
385
644
1599
2628
38
1834
2407
1175
2086
209
2518
2521
422
1274
2251
2563
1369
970
1117
2199
380
1207
1099
1286
2429
2624
2193
1257
2261
1565
1807
1925
900
2259
309
2361
1139
361
1950
764
2139
2613
1034
2330
1588
1352
1091
696
1093
782
2648
2599
1891
2497
2247
609
2233
1655
408
1043
1996
2530
2433
1464
1190
413
234
1411
823
1169
405
2021
351
2262
1042
17
1239
1328
1052
1250
1112
1953
2678
1998
2533
899
411
2603
1080
1551
282
1203
2085
2642
2351
1623
474
127
2683
1382
753
529
268
694
2258
192
1359
8
201
1480
2281
979
1755
7
2394
2584
2439
873
2020
2260
2374
283
948
2349
2410
104
2182
1561
199
710
2225
171
1006
1032
1618
1095
2156
2015
508
2695
296
614
1862
1166
1273
778
1290
157
2092
848
2653
264
2548
1364
550
2031
859
1109
1124
1468
1000
421
591
1786
1189
2618
1309
488
1400
1469
2509
2644
52
514
767
2315
497
2028
2004
1897
1322
1861
2627
1296
2168
208
2633
1025
1823
1236
876
792
1104
1260
660
1132
2346
2623
2651
1792
89
1858
2342
1671
453
456
517
1187
2210
1924
1388
2331
1510
2067
78
430
2481
2324
319
2006
323
1161
740
418
865
692
109
555
2694
2110
574
481
431
1739
700
1386
1456
1824
1658
1918
436
2145
1024
926
722
2053
1566
1727
761
2555
798
1827
2487
2005
2696
1576
1223
1875
1191
924
308
40
2011
638
549
1492
2172
1197
1363
2333
1808
1964
98
2073
2113
2326
2580
2246
794
1267
2059
525
1174
25
79
1863
2141
822
1390
1607
1514
1444
1105
2345
1647
267
1185
1343
853
884
2040
151
1712
1173
569
786
885
375
2080
2134
1358
1586
1833
1360
1019
1270
2297
732
596
2689
1198
2583
2360
1004
2476
1888
1605
2054
635
1170
322
1027
459
1835
1683
1237
762
887
2198
1550
556
2657
2475
159
70
1074
1050
1339
967
1361
317
1669
1337
2675
2495
1678
1227
2350
847
287
1505
1853
114
1053
2066
1986
1460
2036
1484
2327
861
130
1427
2561
1910
2292
2166
1015
1357
1393
976
138
2366
347
1934
929
1894
2389
2590
945
1437
170
1937
2318
2421
2288
2492
401
2401
1128
1549
2064
1403
392
1324
1757
117
218
1901
1852
2114
1777
1682
1926
2510
1978
1294
358
1276
339
869
2242
1829
2343
1147
723
2097
1842
1933
1141
2136
2456
1742
827
105
1436
1158
2428
510
1288
27
1900
2592
1291
584
2661
905
74
2546
2434
2458
1983
2287
851
1993
1162
1723
889
2140
371
2660
1308
292
1078
1602
115
639
985
279
2575
1086
1555
1713
2460
1666
802
759
1375
904
2531
1992
2559
2017
94
1716
1938
632
2524
909
1749
1624
161
915
2034
913
954
647
1765
48
2558
1479
852
1507
2417
2285
533
1942
1397
1156
619
484
711
871
704
1083
2699
2311
1336
641
2115
491
2375
1660
1186
646
2682
511
450
891
312
855
898
137
2700
419
996
278
2148
1731
2679
41
1838
1414
2234
1326
1898
2474
1868
2293
1372
76
742
894
2341
2076
12
715
697
2002
777
1802
841
1504
577
969
642
645
1856
108
1714
345
787
2506
1545
2461
248
1913
2160
2169
1906
1764
1870
1613
888
2161
532
1941
896
993
2532
423
776
93
155
23
442
713
1972
1463
1800
376
1982
897
2416
2063
2235
2634
275
2078
2167
1908
499
2468
1988
1995
2588
973
1240
1506
464
1503
637
342
2153
495
1909
2164
1347
246
280
2022
2420
2577
1945
1133
62
1733
2108
2301
917
485
332
2221
1268
1108
107
850
2081
260
623
2488
99
2514
2219
1548
1747
838
1076
1899
573
182
729
684
2025
788
1593
326
467
324
1783
1641
686
1214
1475
1699
1125
1033
2520
2338
1317
927
540
1860
2395
1626
2244
284
1706
2310
2157
2658
857
2465
1621
2122
1039
901
183
1138
1367
2215
2415
679
2074
991
2605
1154
923
1735
992
1497
543
1126
172
2128
445
1107
670
643
1416
928
96
1830
2061
534
2645
64
785
300
1674
1348
2035
1843
61
288
629
593
2556
1155
1854
1574
486
2473
994
44
1568
1001
2471
582
454
2303
1194
1537
285
1304
1951
578
470
2635
1401
75
2359
1707
1302
2060
318
2544
256
883
2665
1233
580
1123
236
2597
2299
1453
1989
49
981
2137
2057
1877
1111
819
1040
2593
2091
799
1209
1046
1904
2075
50
441
1210
2010
2489
2062
1552
1385
1248
858
1635
1350
2231
817
1642
2614
1535
2276
2482
150
825
1122
1047
801
149
2037
922
951
1278
245
2398
1513
2052
222
2626
478
479
116
66
313
2364
2581
824
937
594
683
13
1496
2447
69
2484
2048
1448
1636
986
1344
1368
2319
581
1987
2294
2692
612
1855
1554
1048
1498
1215
634
482
2706
2622
818
2399
147
221
1263
760
2372
649
1212
2151
47
1648
2289
2403
835
1121
2426
1208
877
849
1622
1620
1442
1275
135
2045
2217
314
2229
1578
2300
597
335
1071
2663
997
1609
1721
2312
2424
2163
2096
1651
1881
654
195
307
1849
2195
1008
302
2450
1944
1686
29
2171
2070
1180
1081
1165
2602
286
1061
1011
1234
178
1327
158
1539
2650
1961
2365
2493
1182
196
1528
2009
136
249
1370
379
2617
2158
344
1955
156
1726
432
1244
373
1085
2431
1819
2587
224
2100
669
1428
2539
1049
1010
2079
1627
1226
521
87
2640
2550
893
316
1312
2188
1102
2240
1177
119
433
1596
348
509
223
2290
837
2032
2668
963
396
2609
2534
2591
1956
2213
2142
1684
417
1781
1429
2527
1720
675
165
2253
425
60
2368
2150
1589
1616
1228
559
2309
842
749
565
82
548
45
2666
2655
1969
374
118
2444
1780
1767
210
575
2027
551
1193
306
490
868
35
566
657
333
252
483
1711
739
1844
294
1741
2647
239
2551
451
2305
1438
1585
552
933
24
167
1316
2432
567
2453
1791
2687
463
554
1979
1954
2480
370
688
1137
1754
773
563
804
1192
1529
879
1557
568
633
1632
73
298
691
2536
1459
2406
1975
2174
671
1693
636
197
988
412
1217
936
2442
162
103
1581
653
274
473
1447
1202
2183
1314
492
2485
1779
2007
807
588
2018
1253
1845
3
186
843
2494
750
295
1828
466
500
446
1012
21
1349
1758
1213
775
656
2014
1540
1703
173
1841
1782
37
16
734
455
367
502
682
57
870
2118
2051
1859
2437
1816
440
277
2379
1395
2205
546
2402
475
1790
2630
2667
1663
1646
2604
265
1334
2003
1572
2257
1030
780
2211
1940
1396
1878
1114
1650
1219
1594
941
1205
2643
1143
2451
1331
2478
2317
1675
1563
2220
2392
2347
395
1558
523
721
1638
1946
372
1035
1113
1127
1715
2082
765
2277
1467
357
1943
728
717
1840
1743
100
1216
1883
1391
1580
2111
1797
191
1330
1353
1736
1694
2334
1392
2165
2248
448
2133
2332
1009
1264
1303
2264
2269
2396
1409
1931
1178
1826
1631
2249
139
1740
1985
402
22
860
2089
2298
844
2177
1153
1311
1455
1628
1110
1473
2102
1130
2237
1717
2001
2470
757
789
1523
1611
811
1018
2196
1959
1936
1737
658
1691
800
1069
1218
1441
2316
1096
415
2101
2295
1917
1221
938
856
2641
974
2250
2232
2104
727
1530
2673
530
2152
966
1439
1476
2192
243
55
1719
2065
343
1984
995
769
2271
290
537
1836
1590
964
2280
2252
2103
1070
129
1771
1224
793
2600
1333
1729
2267
910
2047
1481
2226
743
934
120
1785
2265
813
1728
606
2170
1973
1670
2515
714
2238
329
2175
1065
2446
188
2302
1688
42
2216
1516
902
2274
2130
956
961
1016
240
2564
1325
219
2705
755
2058
958
1232
2598
1796
1839
2077
1142
1775
935
2504
2541
2286
1980
1319
1690
1689
689
1685
237
1060
854
2702
1598
1571
228
1518
2116
168
1277
2254
1965
1351
803
493
1696
815
758
1098
141
1575
1184
1404
1872
1159
1077
1230
1958
972
1424
1231
1299
53
1379
1106
1577
943
1495
65
403
953
1134
1206
1850
1911
2704
1971
2206
1410
1332
1673
1204
1249
2087
2519
1709
1119
754
1774
528
1795
330
1285
2147
153
2454
1564
301
2243
2499
1446
834
536
589
14
2279
58
2044
501
2340
651
2083
2608
1633
383
238
766
407
2337
2304
2610
1272
111
1718
1017
1005
2445
1923
1700
1245
2187
356
337
1874
1188
805
2105
779
1974
1997
1935
1031
527
519
2306
341
1090
1524
2681
2501
1604
2176
2570
2438
2355
1677
2619
1307
990
1818
2093
310
2387
2503
331
146
1021
364
1865
2662
2540
2606
336
2672
1258
447
1914
730
845
340
1672
2576
2344
154
1592
989
443
1644
599
814
272
881
1176
631
1283
2477
1298
906
2376
968
1701
826
293
2278
110
2013
59
1318
810
2370
2427
1793
1825
2072
673
384
1265
112
2674
1315
263
2050
1615
678
832
617
1949
1710
2321
720
142
1129
480
531
503
751
1520
1637
1772
2019
2043
1948
1470
921
709
1970
962
1462
840
607
1220
1746
828
716
2469
1094
123
1282
2042
1794
1629
1893
702
2538
369
2135
701
604
1652
1612
1952
1067
462
659
1517
214
1418
1242
930
663
1579
207
2023
916
122
1487
1939
746
592
72
143
102
625
2571
1461
2621
1753
1788
907
1846
872
784
674
1724
1116
1885
1200
561
226
2542
2486
912
160
1251
1072
1402
244
257
1820
1657
1903
202
1405
1538
1222
83
2084
693
360
890
2557
1866
1313
1300
315
2155
230
2505
1630
2523
1912
1451
1873
821
665
2373
1100
737
2422
437
1079
2684
939
1656
68
2615
420
349
121
829
763
1293
1195
1120
2203
1149
1477
2393
2405
1023
526
1037
2390
1144
1817
2125
2056
2109
1373
2223
2448
2545
2397
1821
2112
2671
1365
2594
2178
1811
212
2457
152
547
1247
925
1457
10
622
1960
1547
1526
724
1038
2275
2409
628
774
1810
741
311
2358
461
1421
2574
914
90
2121
667
1454
2639
2686
2569
2383
718
863
2707
2107
611
1321
427
1886
2263
180
1435
404
1751
626
2701
666
190
808
399
2162
2579
1179
587
1639
217
1697
978
458
1157
232
2400
2325
687
1066
1394
2459
2268
435
1760
1340
1928
610
1801
2352
169
1601
605
2491
2680
630
1284
2435
368
204
1814
1057
1932
2535
1243
2119
2631
1115
409
1366
97
797
1056
2236
2256
2228
2378
830
2537
2129
1341
1916
918
747
1895
125
1281
1887
2191
2595
1493
1927
2452
1075
174
1606
2095
205
1778
1645
1059
1422
1591
439
2601
291
2322
1323
866
388
668
1494
320
1384
816
2413
1196
397
354
241
2513
1051
920
2388
2212
708
394
2154
1947
874
980
2440
613
1847
101
820
1028
2612
579
1668
2549
194
505
1867
124
2632
1744
1902
393
2572
1915
1562
366
233
1732
1704
864
387
1022
2090
15
542
2046
1981
770
1485
193
878
1254
2227
1423
386
919
1387
677
1509
2507
2117
809
2414
1055
2068
2553
2283
365
31
1262
271
796
2526
1806
2691
203
1508
489
2185
253
524
946
406
187
1118
1600
1966
1146
1789
745
2033
1399
1920
504
43
1406
676
175
2029
1501
2124
2522
1374
586
2386
839
2218
1450
304
2517
1252
1068
1583
616
908
1452
133
1896
1472
134
359
36
19
1766
