1310
1189
2182
2225
1862
1678
1032
732
614
861
418
692
1027
640
1160
181
2011
2015
2342
2198
1786
2067
2031
911
569
660
2511
706
1762
535
1025
2423
848
790
322
2297
1339
1290
2315
1260
382
2146
2689
932
1358
319
381
957
1237
1074
2685
2455
323
251
2555
2583
2487
2092
1607
2326
1026
1388
2644
2273
822
1095
2113
1824
1386
2690
1545
894
2561
1922
74
1624
950
1759
2679
71
2076
1415
1291
557
1512
827
450
2088
2114
2421
2115
2094
2697
2164
2159
155
76
2313
1525
1906
2285
1938
2016
1852
279
2573
2434
248
1713
913
898
2241
138
532
1994
2161
2419
944
1128
2428
2698
1506
2634
81
41
2420
623
1761
952
2318
1910
850
280
945
645
558
2588
2693
1543
661
841
2002
993
1614
278
2682
491
1414
342
1268
1926
352
137
5
2488
482
13
2276
986
1752
2372
1448
1497
318
2502
479
1904
1407
1122
858
2369
245
1344
2399
1653
1317
445
2091
1047
1621
612
1735
2607
2482
225
2060
2289
825
679
1534
1355
2645
1892
534
1864
1597
2692
634
2038
1987
1210
2556
478
593
215
2447
32
937
1278
1537
2157
1248
951
683
1651
1073
1837
433
735
2291
1750
119
1256
1578
654
196
1429
373
1081
652
1726
2431
1955
1071
2213
2591
2217
2663
396
2527
2253
195
426
344
2589
2190
1596
837
1442
417
699
1573
1649
733
2494
2647
567
2442
277
472
2586
559
566
1741
1581
2014
1841
671
1632
588
691
1767
16
24
2368
118
1443
21
252
1045
565
274
1703
568
621
734
936
1599
554
1193
370
739
410
2302
243
2082
1646
2199
2564
1369
2563
2600
395
1303
343
1117
1936
2296
910
1143
1834
2200
721
1159
2673
240
2392
139
1717
120
1911
1333
546
1207
1836
11
846
1136
1311
2361
1611
2139
964
1392
42
1351
1790
22
1424
1737
2133
2379
2330
1277
1130
2396
1009
493
2264
2165
689
309
2267
1689
2613
970
1054
1257
2255
1850
2274
1331
2205
1832
2347
1380
2086
1631
1249
2251
2196
1878
1325
2541
714
966
2501
393
43
1524
665
1031
1700
2707
2322
716
2256
948
1562
890
655
187
1509
737
269
113
36
2021
754
2619
2572
1630
805
2499
651
2385
2400
2394
2223
809
238
1822
2056
1820
685
2042
608
408
1787
2090
2306
233
698
1889
878
720
2454
1517
1788
2020
2218
311
1246
2376
2542
1394
1059
1968
949
2284
2050
33
779
628
1914
205
668
1346
1772
2185
918
2263
2639
1430
111
2388
413
701
406
2621
1313
480
97
1258
59
1865
26
104
2594
1321
2358
2681
2176
1923
1664
908
1169
1887
1281
526
1373
1697
1846
1356
1056
1866
1229
664
346
194
368
872
694
2044
399
864
77
320
980
1146
616
19
2019
258
2387
816
272
531
1559
1418
31
349
2029
2486
271
2224
2570
427
570
2606
435
2691
1075
609
808
1112
2023
659
1811
420
916
1021
592
1915
1222
823
1119
363
2304
2180
1853
887
1566
1296
130
574
1521
1986
1863
2509
1482
1161
52
2168
2246
2548
488
334
199
317
1223
571
549
700
2172
1433
2145
1647
2134
1050
164
157
507
1238
161
641
2288
2529
637
2287
1988
1731
2461
2596
1641
969
2577
170
2578
2456
917
1666
1076
2323
1747
1800
725
1868
1899
416
2660
117
2144
1527
1983
27
376
1742
2531
2514
787
389
1555
2343
392
838
1367
236
835
922
2614
686
1111
2626
1570
1212
1001
2371
1698
2403
259
785
300
539
1125
1855
991
1674
1209
262
1163
1040
1194
470
2656
1486
1622
2106
675
2132
2282
176
1587
2009
106
1312
314
316
1539
2587
1961
2188
1434
2207
103
563
1012
39
210
2309
650
1859
1979
1438
1557
57
128
2018
1754
1616
466
1816
2305
1845
1572
2598
1628
1883
2030
2261
1571
1921
1224
744
2192
191
743
2479
1685
1729
1070
1098
1880
2250
228
1715
2512
1030
2237
1439
1206
1153
2216
1455
1769
758
1441
974
854
65
2353
2659
712
2265
1973
1342
383
590
2469
2381
2435
1591
1300
1406
1452
1462
125
1250
625
1813
102
2610
2683
1103
1645
2678
2498
2033
2203
2608
663
2701
146
1812
2680
2537
365
547
1058
1948
1341
1042
2540
282
1935
2567
494
867
1644
920
341
828
439
458
469
930
696
631
1405
2496
505
1916
2625
1672
1701
1266
946
587
2275
206
2283
1604
1037
0
1884
2344
153
1493
2373
2041
1488
366
751
2243
293
1763
761
2327
89
1658
299
967
1363
1024
2560
2476
2651
1469
2028
2618
1708
378
2324
1962
762
2329
795
438
525
2210
2580
2331
885
2099
1273
1808
1174
560
114
2696
2098
794
1132
2481
1510
177
615
2356
1567
1827
1105
1792
1875
695
517
1618
1191
2012
296
98
1364
1586
2333
836
456
79
1858
791
171
54
778
1576
2004
2495
1400
1267
1306
6
847
1185
1329
2694
1322
1514
1004
375
1104
2350
2320
514
1361
1269
1003
786
1861
308
56
70
1491
1924
453
1967
255
436
977
1484
2418
1712
1135
2653
2073
459
1669
1181
2110
955
1236
876
555
1124
1500
25
264
421
1550
1692
2360
1235
2508
1390
2354
767
2066
865
1605
1164
903
1343
1522
798
1444
591
1748
2141
2627
424
556
267
522
40
2005
635
2053
2695
1092
853
1505
1835
497
1848
1270
2197
1006
2391
2080
1460
2475
722
1561
1897
1671
1198
2156
242
109
710
1833
151
638
1456
618
481
1918
1173
1309
1109
550
884
931
20
2006
2633
1019
1337
2054
2675
2059
2483
1199
508
518
1062
672
1000
2623
400
1888
2346
208
859
430
1964
1727
227
1170
2036
2345
924
140
1449
78
88
1702
1166
2657
2467
926
1661
287
431
1492
1468
1683
1360
740
1197
1280
1053
9
1187
2528
1739
2040
1823
2367
159
1227
1595
792
624
1705
596
419
852
1504
131
1901
1479
1336
2654
2221
2148
897
646
1437
1765
1613
423
1907
904
1502
1723
2208
1532
1722
2532
2700
1326
2136
1982
909
1083
185
788
2064
2468
2590
1749
107
2620
1654
2524
954
2474
2025
1934
2169
2348
1393
1324
2127
2160
742
108
1078
704
998
573
2166
891
1937
1909
871
1108
51
498
2140
711
1856
105
723
485
577
2108
2546
639
2416
777
2384
2301
1288
1802
2097
2592
1086
1548
1255
4
1375
1972
1097
1015
1507
95
2292
246
905
1172
1842
929
1549
1660
327
759
1064
1156
1419
642
1898
2022
84
1933
93
1294
1870
1338
973
2417
987
2138
495
684
211
632
515
1977
48
182
715
2401
1241
312
1397
1478
326
358
325
1020
2661
1829
1900
1287
499
2425
324
2000
888
292
510
2034
467
1838
971
1463
2366
1681
99
713
332
1682
1803
1783
442
2167
2389
511
2443
2153
1978
996
1240
2463
1372
1716
2219
1714
401
1013
2266
851
115
275
2677
260
1403
1913
468
802
398
1158
1764
2341
2234
452
1757
1162
2293
2464
1876
1133
371
2506
1992
1186
889
1347
2559
1941
1991
1427
62
976
2081
1593
1503
2462
1777
896
270
697
985
776
67
1582
2069
2575
12
1147
1993
2525
1458
23
1141
429
895
1995
2362
2566
2558
513
2008
2492
855
647
1168
2375
2235
126
464
2311
533
276
1029
772
1857
584
2078
2063
1945
2380
347
2543
1942
915
999
619
1087
1733
729
2017
250
484
2669
748
1335
1619
2699
1436
2242
345
1381
339
1201
1602
1908
1357
1894
768
1308
94
218
2460
869
2458
1425
1276
2510
2377
2404
1608
892
2151
1121
580
992
928
1635
2489
1854
96
1574
629
543
1707
1860
2245
1498
2231
2299
30
486
817
2131
147
2310
288
901
2137
256
581
2123
2075
2057
50
1877
1552
1453
540
231
1706
643
2415
984
1089
1046
2593
819
2398
1233
783
1665
116
1882
1843
1542
2466
2052
2319
1152
2338
1642
1496
1138
1304
457
1368
582
289
1039
221
831
2071
2568
2184
2473
1475
1553
578
2484
2037
49
1535
1699
2395
1154
981
801
994
1809
2622
2706
222
1640
541
1830
1554
149
1513
2061
862
2010
2122
69
454
1350
2547
2544
2308
1345
603
75
2597
2652
2471
1426
1531
2616
2520
1680
64
284
2465
1416
1804
2128
2665
1126
1101
166
1465
441
2364
61
824
883
303
2303
1568
1648
927
2635
1033
690
670
266
1214
1002
1123
313
2048
2215
285
1155
44
2658
1377
414
1626
449
1805
1420
1354
1989
1302
1617
1107
857
760
1556
434
150
752
1412
1695
947
1263
818
806
923
649
1584
1636
172
1348
1401
1215
2244
47
2565
183
2585
66
583
983
2605
2074
1976
1148
594
2294
1084
1413
2035
1951
1048
1385
2581
2062
1483
2359
799
1011
509
216
335
2426
2158
2449
1177
1819
2650
1
2436
2539
1182
29
2668
963
2609
1292
1180
2194
158
1609
2602
136
1781
1085
707
2550
1102
669
2142
135
184
379
432
2229
2450
1259
1275
1327
1944
1370
2312
1776
2649
156
1428
249
2045
877
849
2300
1519
1881
178
1679
893
2100
1445
598
2640
1007
1297
1569
1208
2126
2163
1963
2636
1620
2149
223
2079
2240
348
997
1301
2189
521
2096
1956
1244
286
585
2617
1271
1234
307
1226
1082
1061
2070
2365
1008
756
1919
1627
597
2195
1151
960
1721
2290
1010
1528
302
2441
1849
86
1165
165
2493
1489
2032
428
1720
1686
87
2339
224
2171
2424
2534
1684
1049
870
775
37
688
148
1975
2628
451
2150
2328
1828
1202
502
1560
601
1779
197
2480
1687
2174
636
562
1213
2437
306
1349
2432
2179
73
321
167
548
1768
162
988
1643
34
842
294
463
644
1758
1253
2118
1447
552
1137
551
1183
2
1589
446
82
35
412
1376
633
1314
465
1844
2412
213
2430
749
2666
1515
933
473
220
868
2406
367
738
1711
2222
1969
1459
471
186
1540
295
500
506
281
2485
477
45
575
750
1228
2655
657
2408
2444
656
1546
2453
85
490
1954
564
2027
875
483
333
425
1625
247
374
3
879
843
60
1791
1217
385
804
2472
1585
1782
460
298
1440
2687
2411
1378
1957
2183
2209
440
63
773
2629
92
2007
653
882
1693
132
1529
1780
455
1316
173
2551
807
682
1192
239
492
305
2536
2051
1113
1588
1738
1175
1980
361
1018
1127
1178
1305
1142
1261
1965
755
1743
2257
938
2175
1662
2055
1060
2688
188
2111
811
1785
1106
2047
475
1905
1409
1410
1940
2077
538
1139
2429
2170
1930
448
2317
2193
2518
1688
1971
2630
1131
982
1230
956
2664
2624
995
2259
219
2152
530
1396
100
728
2065
1872
1467
1719
902
1063
1218
1831
2177
1219
934
2637
1946
2226
781
1167
1917
1204
961
1065
1985
1590
209
1544
606
2705
941
1736
1670
1274
2667
1232
800
1016
1650
1332
2204
1797
390
537
2001
1034
1279
2703
2087
2089
959
1950
145
1404
1474
1330
2286
189
1231
2248
2521
38
1577
2254
2103
1134
2554
1675
844
602
523
880
2232
2058
2116
1563
2269
1799
940
1140
1221
935
141
1371
764
1110
1286
803
2101
1565
860
2295
1691
1603
972
2643
1696
1598
1728
1694
658
789
1114
2202
2490
2238
55
833
2252
1575
2298
1099
1473
422
357
1362
2130
2704
757
965
2638
1740
1663
1096
1264
1796
1069
168
1533
1594
1756
1184
2604
1319
793
403
1638
1943
2249
129
1523
1299
1984
942
1334
2519
1530
290
1784
2402
943
1466
2478
2515
2702
2102
2407
900
1925
1541
1516
1379
2104
717
1826
163
2451
2332
958
2280
813
1730
2470
1839
2446
2277
1395
1673
1536
1690
415
2271
2220
1205
2211
1035
1408
1890
1495
1353
1931
273
1745
769
1481
2646
1476
1077
1036
2173
2334
2003
1580
237
681
1807
2363
372
2516
2641
1391
1958
1734
953
1999
1840
1432
2504
265
780
2316
1216
53
2039
402
329
1771
1775
856
815
727
1518
1959
765
1558
380
1225
2206
708
826
2533
1974
2571
702
1885
796
1639
899
152
1896
1667
2671
1293
1564
519
2355
1551
2631
503
731
2676
845
1810
667
1659
397
1902
355
1746
545
110
1176
812
351
144
90
354
1657
1879
476
1970
1057
2013
1149
687
1953
1067
613
212
1789
1052
1929
122
2121
134
1457
2393
610
2124
906
2457
1821
2378
1873
407
2397
2491
154
112
595
1893
2247
241
1242
1886
1770
1774
2186
1272
1282
2576
377
353
2105
1725
1411
1239
1120
331
364
2414
703
2477
1190
975
921
553
254
2191
1171
2258
1612
1871
1874
1144
2337
771
1755
2084
990
730
1501
2405
2043
1374
1472
1891
962
2584
676
504
746
1592
10
2325
232
1211
2612
2228
1778
180
330
1817
2272
310
1461
630
2409
914
127
1480
2340
2085
80
1508
1928
544
2642
2632
1323
1825
1283
1129
72
2662
1610
2452
268
1387
1041
607
257
204
1384
1668
2517
359
2162
337
820
912
2239
709
1072
338
1094
2599
487
1629
2262
1633
2615
2603
2270
2497
2214
579
462
1471
1583
622
2024
1066
443
611
1043
939
1490
1044
1511
2648
1615
662
291
1847
1118
2500
1932
2187
1402
1022
2674
2433
1254
1068
1677
1903
589
2383
1245
2068
1753
1952
328
2281
2107
881
989
1637
1960
1997
1247
2120
1055
68
2686
2523
2227
2552
1421
2382
2505
782
1307
617
2147
1200
2507
2503
1912
1382
1766
2049
18
1100
1477
1487
501
198
411
919
1818
840
350
2072
2522
1794
315
512
907
121
340
770
2212
2549
741
230
369
203
1179
718
2582
766
200
1652
673
394
263
2684
190
1801
832
528
169
301
1423
386
1709
229
1744
1265
2093
1600
15
1080
2135
1284
978
2611
1243
1920
253
234
1601
1315
336
1446
839
123
1718
2349
1352
2260
1017
705
2601
143
2427
193
2672
1760
677
572
28
1606
814
1867
2448
1203
1851
2154
2278
693
1724
604
1656
1806
1947
2670
1435
829
1359
2112
360
1704
1998
474
304
678
1814
821
1220
101
201
753
810
1251
409
244
1422
2129
46
2181
774
17
627
1751
2109
2095
2335
202
1966
174
362
444
1454
1464
2513
524
133
1939
2155
1996
979
1485
968
2374
2579
226
496
14
2574
680
1431
1399
297
542
666
489
2410
2535
1520
1295
1655
1195
516
529
437
404
1450
724
925
1798
2314
461
1079
58
207
1023
1990
2545
1981
214
2569
834
2557
527
1895
2230
2125
1398
2438
1470
2178
1499
736
1150
217
1949
2143
1262
1623
1773
1093
873
1252
2526
1091
1298
1014
2351
1869
648
1028
886
1038
2440
387
2119
1289
2390
2595
2083
1188
1196
1320
2413
830
1116
674
391
1389
1365
2268
2233
747
192
2370
261
1579
1115
1383
175
2236
2439
1145
1793
7
2201
2321
2357
1795
2445
179
2117
2553
520
1366
536
2538
1710
1451
863
160
576
620
1634
1927
719
586
384
283
1005
2422
235
763
124
1328
1526
405
1732
83
797
626
1676
1051
356
784
1088
1417
2352
2307
745
142
2336
1157
866
2386
561
874
447
1340
726
1547
8
1090
1494
605
1815
2459
1538
1318
2046
600
1285
2530
388
2279
2562
599
91
2026
