932
6
1198
2695
52
2508
2354
1576
1727
1762
1306
535
2110
2350
1858
635
640
1986
1863
1358
2005
1388
1505
1482
2012
1561
2011
792
98
514
798
1460
1109
2583
2418
2346
2273
2297
1618
199
1322
1808
884
2560
322
2455
822
453
1164
1708
2481
1280
130
549
1861
382
114
1605
1712
710
1267
1444
1104
255
1000
1026
795
1236
1748
507
2661
2318
1842
1478
2468
892
1020
996
1991
1015
1064
2590
347
950
1747
1777
2063
1995
2463
1682
1013
2081
392
450
898
577
5
1425
1335
1761
788
2088
250
2464
2384
452
2510
944
1078
2380
1800
1287
2458
332
905
557
787
1268
2404
1802
2348
1427
2524
891
513
67
1993
62
1934
1731
270
2546
1982
1899
27
1397
511
182
1857
325
1372
401
510
2693
748
2620
639
246
2293
1759
2558
1381
777
485
987
1047
1513
1354
1809
819
66
2665
783
1752
262
1355
817
2622
1854
482
594
1138
69
2605
2466
825
2544
2338
1554
578
1830
2122
1556
2359
670
454
1152
1401
2244
1653
2128
2074
634
183
1212
1107
1735
1860
2652
47
1214
30
534
1552
2415
2091
1367
441
1121
2299
414
1412
612
2398
675
652
1819
316
2282
1781
1720
335
2300
1
1622
2132
2449
893
216
1684
2009
2032
1011
1956
521
2195
2142
1963
2106
2602
2426
1944
165
1327
2365
2591
1849
1275
1428
1102
1703
1438
63
1560
1540
807
465
220
2494
1859
568
1529
1649
1791
57
506
1202
1711
875
471
1632
1979
1625
1581
882
650
1193
502
2305
500
1228
1316
1758
1616
1447
483
186
1515
1349
775
562
274
305
1303
2512
2705
744
55
2347
1790
2516
2330
2087
1178
1277
1536
2139
910
2541
1218
1577
966
2316
1117
2202
546
2082
100
1734
2133
395
372
1131
538
448
2196
1175
329
2175
1060
1035
1980
1139
2173
2688
1533
2116
1688
1495
1921
1690
1159
1034
53
1474
2211
2664
758
1077
209
2598
1670
974
1232
833
2407
2261
1264
2515
1689
38
1319
972
1286
1936
1673
2564
343
1958
1826
943
1134
941
2479
1130
1332
2322
2433
745
1932
864
1610
1493
2340
2043
351
720
2522
226
1243
2619
1664
1100
354
310
258
2072
663
626
1220
269
1885
2268
2176
1382
386
809
301
867
1606
1120
337
411
2335
1672
2676
1744
152
2236
2178
2553
2681
2671
360
2344
504
1462
2448
2648
1718
2021
2427
914
383
978
72
204
328
353
708
315
291
2258
2147
2549
377
46
2530
2304
2095
33
190
1005
1935
667
2523
529
1600
1668
144
763
1242
2517
1043
407
2056
2662
19
1810
918
2023
2686
1787
1920
1037
2283
2469
388
730
2275
268
2552
1789
474
1929
2571
826
1195
1021
2501
1321
979
2445
907
2691
1490
1366
2109
198
253
1709
820
1457
1258
702
110
912
751
2187
272
1246
2336
1893
1865
1772
545
2247
238
2020
2572
1203
365
1056
766
2594
2632
2537
1250
1373
1508
1811
1701
2262
125
899
1171
1058
2500
1423
700
2315
2028
569
1823
1550
497
2555
2685
157
2623
1004
2067
319
525
227
1835
181
9
1567
2657
848
522
2004
1786
308
2006
2145
109
672
924
861
1238
70
722
1713
1913
623
999
1868
1716
838
2323
1458
1133
312
2144
2221
2219
1108
894
1512
1614
1288
2456
2301
2153
954
1977
442
2596
1141
2169
1347
1294
2167
1507
2660
71
1076
1681
93
1742
4
2362
468
684
2656
1542
479
1101
44
1125
1377
1453
2565
857
1407
683
1553
2568
1864
1648
2060
289
1046
49
50
2692
1642
984
927
2303
150
1209
259
1627
2550
707
997
1151
669
2493
2650
1578
2229
2312
1721
1961
2096
1434
1445
1528
1301
306
128
1314
773
2150
691
868
34
644
132
588
440
103
2444
2687
92
2453
37
870
252
653
2277
189
1588
2259
1325
689
1911
714
1984
1099
273
1917
523
219
1476
1940
1530
846
1675
1311
964
537
1018
681
1231
1206
995
1410
2152
1142
1030
1353
2637
1114
2104
1638
1333
1930
1650
1572
237
1374
531
1464
1953
589
458
1914
1551
10
1254
362
829
2186
1472
435
359
874
14
1997
330
839
2639
1970
111
2090
1547
2569
1820
201
617
393
2112
784
2105
1298
1051
123
1251
625
1245
443
2044
916
1169
866
1947
576
2422
369
1763
630
282
2684
1211
112
1923
906
845
2413
823
133
143
731
2224
122
737
1806
68
962
665
1313
1871
2595
1974
736
2376
808
1080
2212
399
719
1566
931
2146
488
1390
1273
1792
1364
2342
2476
865
1132
1456
1237
1296
2172
2548
2036
2329
1833
1160
638
264
2168
1260
955
430
1361
1227
1739
1967
2099
2180
2696
911
1824
2675
1510
1235
1290
79
1174
1661
571
2627
2040
2113
323
967
2092
1105
287
1006
1918
887
2134
1964
618
2198
1492
2327
151
424
556
1848
400
1521
1484
1270
517
1310
926
2487
171
1692
1586
1053
2054
1705
2345
574
2689
1191
2156
78
2644
1197
1888
508
459
1962
375
2053
853
706
251
1199
2360
836
378
903
1924
56
2467
2690
2141
1658
2073
1095
1360
977
481
299
794
1027
1683
2210
1124
1853
2580
2475
438
421
164
431
1595
1363
1875
2356
1170
2511
40
2326
615
1329
847
692
1181
2509
1092
624
695
267
1897
1269
1468
140
1647
436
791
2225
334
1343
2633
1433
1187
1671
2031
1161
2059
2694
177
2331
208
2528
2651
614
518
2391
89
1166
876
2197
1339
2324
88
418
317
732
560
1062
2333
381
296
1309
1032
1514
1025
2367
2080
1400
2246
1500
885
596
1491
660
761
1074
1449
591
1678
2015
1827
2618
159
242
1003
1607
2653
2320
1669
20
550
1223
778
740
1050
762
1522
25
2098
1337
1702
1862
2182
859
2483
1024
2423
957
1019
1386
1135
555
1189
786
2066
1185
767
790
1469
1173
2495
54
456
2114
841
2679
2434
776
1527
1168
2460
2208
2127
115
2288
170
1983
2166
416
2682
715
84
2592
495
376
945
95
1393
827
533
2140
725
2461
904
1186
2697
429
1619
1549
661
1666
1415
1749
2377
2025
929
1437
759
2115
973
1937
2700
2266
2698
711
1532
2108
211
584
327
1240
515
1870
888
1504
558
1838
1765
2669
1714
1602
358
2148
1613
2514
2287
1988
51
499
2234
642
94
491
871
498
2136
1624
464
1723
993
1172
2488
2285
41
1876
352
952
895
1783
1907
1856
108
1338
802
131
1087
484
326
641
969
2425
248
1803
2677
1543
619
1276
2416
371
1733
1926
423
398
2311
2525
896
280
2543
107
2022
2699
2000
985
339
1326
1906
1829
1502
276
275
1654
345
2420
646
1942
723
1898
1241
772
573
2002
2573
1201
976
2069
697
1336
260
99
1255
729
185
742
23
2506
2016
2375
915
850
852
2401
1922
218
913
1909
2492
2034
1029
897
1291
2654
2532
917
647
1463
2292
1992
2389
2076
2008
1083
704
1945
2078
155
1545
2064
2164
1894
2366
1941
137
2474
2160
1548
1910
869
2561
1722
76
2578
342
998
2138
2566
645
1403
1994
467
855
2421
1479
2443
389
1641
126
2419
1128
713
2575
1938
768
1901
1555
117
2235
2531
2161
1525
279
889
2343
1097
1503
2313
161
1582
909
971
1158
1593
2241
2094
105
2428
1978
1908
1419
1506
2588
1147
1414
138
2341
1852
1357
292
324
2559
278
851
74
2634
2159
2242
2017
1933
1156
1608
48
419
1086
1972
1660
2417
1375
632
532
2462
1757
637
2097
1324
1308
1764
1900
12
1162
2577
1436
81
2529
1210
1448
2616
1163
2482
225
2635
2706
951
580
1001
1278
2581
2502
1368
2057
1155
806
1904
2151
593
1951
1698
1695
2289
883
2364
994
629
2035
445
13
1040
1976
541
1350
1483
1497
824
245
1302
318
172
166
2123
862
236
96
1084
1233
690
2245
2465
1805
1568
1426
947
1531
470
61
2447
1248
2597
2593
1002
2484
1570
1706
1636
2658
831
1475
2607
679
752
799
1194
983
288
2371
1496
486
285
1048
2369
1882
1892
1344
2215
2062
981
1804
1665
2037
64
1534
215
116
1574
1626
1148
1987
222
2395
1413
991
2061
1033
2137
1989
2276
1345
2403
2626
478
300
1039
313
1317
2010
543
2399
801
1597
149
1111
1674
1707
1584
1089
2071
858
1621
928
1877
922
2294
1640
1215
2075
1304
2131
1465
2308
539
2471
2489
2052
937
582
1680
2319
2585
643
1699
2310
2645
1123
581
540
1855
1537
2231
1416
1122
785
2048
1498
835
2473
2038
992
1126
449
649
603
2547
457
760
986
32
221
1843
2614
1617
266
923
2520
2157
1385
256
1154
583
686
1535
231
147
434
1420
284
2184
901
303
1263
818
1348
1635
75
2556
2372
1082
2617
249
1569
2640
877
1750
1837
1073
314
379
1679
136
87
176
837
1312
2149
106
1007
2431
735
1486
428
1881
960
2070
302
598
1165
2158
178
2213
2079
509
1085
1955
1489
348
1049
1620
1651
1081
1370
1208
2436
2194
2587
1596
1609
1292
307
2217
119
1226
1182
2539
2663
2450
223
2668
597
2240
1259
1686
432
184
1297
417
1244
86
2126
224
2534
2636
286
196
1061
1519
2291
1776
1726
1919
1256
2189
2100
1071
1442
1008
158
2171
2163
1177
2253
2527
344
156
2188
195
2045
1587
433
1234
2290
1180
2649
849
1010
1539
2589
2190
426
396
135
963
756
2339
2609
1429
654
373
2441
585
29
1271
2424
1192
1693
633
842
738
879
1768
118
567
239
601
2480
551
460
2628
2174
1137
3
1546
1780
35
374
1459
2
1589
988
552
1844
2007
688
1443
2014
636
73
466
565
1557
321
2183
412
1767
1440
455
656
2647
1045
60
2411
490
410
1828
247
492
24
1779
1012
750
277
1376
564
1841
167
1599
213
554
2118
671
936
1687
1585
1253
367
210
446
2051
739
2551
148
749
2536
2368
472
2179
295
563
477
575
1954
2472
2586
21
2328
682
45
1845
657
933
2666
2408
16
2027
2437
566
298
1975
699
804
451
281
39
425
2432
2207
2018
2629
1217
548
2222
385
2430
2309
197
733
2406
370
2485
463
2412
2209
1183
1378
85
173
621
82
333
1782
1741
294
2442
559
1969
1213
734
1573
1643
1754
162
473
1957
2655
1816
843
2204
2643
2257
1009
1371
606
1740
1840
1796
1249
1685
1069
1261
530
2250
942
402
755
2265
1408
1883
2039
2613
1054
2264
1455
2554
1831
935
844
1274
2111
2086
141
1439
1691
2667
309
1110
1784
1590
42
2361
1466
129
1523
2274
940
1775
2238
811
1959
2703
658
764
2237
2646
240
757
2298
727
1065
1036
2058
1925
813
2248
2280
145
900
139
2353
1305
2193
2269
1729
2130
1946
2392
1631
953
1391
1662
970
2001
1985
1743
1409
1872
380
2518
2216
1516
1931
265
1696
1351
2177
1563
2630
2047
1205
2077
728
781
2519
1140
1379
2396
2295
1797
717
2604
1965
2220
1204
1184
2232
938
1611
1016
1362
856
2003
1331
1096
1481
1799
1565
168
2638
934
2600
721
800
880
743
860
2363
2659
1167
1694
2446
789
1225
415
1279
2206
1971
2255
2334
1943
1598
2254
2563
1230
1541
1769
965
475
2451
2192
1221
1950
1730
2641
961
22
2302
2267
422
712
1330
602
1880
1850
228
188
2055
2521
1575
2101
1070
1544
390
765
2704
191
2673
1063
1441
1785
1878
959
1127
1890
854
1369
1098
2249
1219
1257
1432
2065
2332
956
2226
1728
2478
803
1113
361
1594
1136
1380
2030
1603
1771
815
1392
120
1467
2103
2379
2624
2271
2165
1737
1719
1473
243
1106
2205
2402
1839
982
493
1334
2470
1717
290
1663
1905
1834
2702
1395
958
769
2429
1999
1580
1807
1628
1756
1973
1216
2199
780
1424
2286
1558
1836
1207
902
1715
2252
1571
1745
2251
1404
793
2102
1738
2490
1153
403
1299
2089
1832
163
2170
1736
1396
2504
2296
1518
1224
1143
357
2317
11
1646
2200
65
1704
1623
1990
1411
15
620
18
1564
2440
1732
1902
283
890
716
796
1421
1093
1801
1430
83
1866
1591
43
1144
59
36
346
2680
2033
881
685
2452
1365
1746
2358
1825
886
2162
1272
1896
233
1119
394
2370
494
696
154
1511
203
405
705
1300
2579
1307
2068
1383
587
2507
1452
600
631
2672
753
1454
949
1601
542
2233
1406
608
214
1359
1146
1283
1485
821
946
2491
830
1710
1066
1041
524
169
1889
1517
2394
1157
590
2390
709
1812
610
990
340
1798
655
2393
2284
2410
2260
1068
1435
230
920
527
384
1399
2270
320
512
1659
611
2337
2562
194
1817
1480
1118
1222
2387
2239
1422
439
1477
206
1869
2223
2228
2538
1884
816
1341
1793
8
97
746
718
664
2129
2049
604
355
146
2272
873
1352
113
2263
2477
1604
102
2701
1149
2349
408
1644
387
1038
1356
1629
2414
2570
469
2124
207
1526
771
2143
1639
77
2019
1697
503
1949
2603
217
1583
622
2574
336
1284
528
174
662
229
930
1417
1176
812
2388
1266
2355
26
1520
7
1281
919
476
805
254
1022
2119
1239
1822
1196
1023
2120
1886
1968
1487
536
2535
487
1981
2154
2278
666
1656
698
1145
1328
2499
0
1289
1760
1090
1293
2107
779
595
1524
1891
968
2611
1753
1031
2307
2121
2321
1450
461
1645
2601
592
142
2243
1633
1044
1559
153
1615
1952
2608
747
939
1773
674
2435
677
2386
774
462
628
2026
2046
420
687
2625
1960
1285
2279
1387
2084
1778
2135
2621
124
391
364
2642
659
1059
2612
1774
1418
338
58
908
200
447
980
1821
2674
293
2615
673
1103
1075
1129
160
561
1320
1262
2707
1579
1188
2325
1252
872
271
2191
605
2526
2498
134
1813
680
627
1818
480
2230
1112
754
2496
1042
1509
2610
1879
241
80
2042
2678
2513
2050
91
505
1770
1562
814
579
2185
1494
17
1700
1470
770
2545
1948
1389
2542
127
2557
693
261
599
782
2041
2381
244
1265
101
1115
1652
701
2459
1057
1247
2117
1657
2409
1431
586
832
1916
1795
501
989
2085
834
212
368
31
121
921
1501
1398
1655
570
724
104
2373
2013
1874
2397
2576
2584
1847
1179
925
1446
179
1384
1630
1014
2670
2214
413
2382
648
2155
1318
544
409
2281
1724
613
2306
180
1912
2385
1766
2533
235
1295
404
1637
2582
1346
1055
2357
1966
840
1873
341
797
1488
678
234
703
437
1028
828
175
1915
28
547
1088
676
2486
1229
1499
1846
741
349
205
1612
2606
1755
202
1851
1592
1751
2083
1725
2378
1067
726
2256
2203
519
863
1814
1116
2351
297
1190
1340
1017
2439
1939
526
553
2540
694
331
2383
1282
1788
1079
366
427
90
2400
1928
2683
2314
311
2029
1998
496
516
1072
1394
187
520
1903
2201
444
878
350
1150
2438
2503
1402
363
193
1676
1200
232
1815
1323
1052
397
2218
1667
1927
616
356
810
2093
2457
1471
1895
572
263
1091
2374
1405
1451
1634
1461
1315
2631
489
668
2227
607
1538
2405
1794
304
1887
2125
257
2497
651
406
2599
2352
948
975
1996
1677
2181
1867
2567
1342
2454
609
192
2024
1094
2505
