697
2549
1737
810
3289
643
1844
2755
2842
1628
2747
778
3196
792
800
3053
3105
2543
2975
1613
2029
2982
3326
1881
1076
2524
1904
2969
1262
623
2345
2727
2769
1568
706
2790
410
3160
1095
597
291
3206
2453
2725
1892
1191
505
554
2680
3225
1441
2512
1235
1729
254
1496
1402
2939
674
903
1411
2010
1383
832
938
1421
1184
2086
3220
844
3056
3052
743
1809
1715
3271
2808
884
2754
746
1137
2140
1903
933
1589
3
1721
2072
2949
669
2243
784
2090
1855
726
3184
1286
690
90
898
2748
1446
339
485
2657
3211
2327
1423
2809
545
859
1113
379
319
3299
2679
2899
2606
1239
465
780
494
2246
62
1247
2910
2726
1477
587
1107
1311
729
96
2529
3223
2220
1280
1110
1926
2215
1686
2612
2713
2258
28
2835
2054
1085
2913
2112
3215
751
1683
317
540
2440
2262
1512
2750
3288
550
3118
1370
2391
194
911
541
1090
2845
2496
721
504
2902
1426
2207
1164
856
1565
3019
2836
70
1425
393
2245
3216
2069
947
316
1788
2411
2816
342
1032
3060
3131
1842
915
203
2251
969
383
752
812
3317
2177
678
1380
763
2189
359
1780
1868
3029
411
923
647
3253
893
3125
1129
134
1407
1240
1081
2174
2394
496
2053
1346
510
699
2413
1381
199
2770
1119
1799
761
2386
2377
3203
1884
1577
290
2380
861
362
2865
2588
570
3191
2937
1070
264
356
286
1330
177
1179
1673
1269
1298
174
1405
1414
2581
3315
2802
261
2897
2305
420
1114
1975
2326
1850
1436
2158
2268
628
2866
1827
2237
1377
3092
2583
3071
599
1413
3138
1373
1062
1100
458
2654
1953
1030
3323
1369
1600
1222
862
1404
1948
3171
2062
3020
1874
1328
273
1702
219
277
1563
2342
620
522
1526
2571
2114
306
448
759
910
2701
757
2403
1514
1659
834
1263
89
3258
2302
3259
2350
874
1500
357
2022
1899
2353
1664
3270
2552
1912
386
760
885
2813
2374
913
1971
1319
94
2041
3226
2805
2749
2684
965
897
493
1935
2649
1879
1242
346
366
1399
770
1643
2542
2418
2166
2826
2299
2886
2912
154
1034
1232
1281
1176
2952
299
775
2507
1443
527
220
966
2717
2336
2483
2253
691
1064
1816
258
1190
1071
2420
27
1312
2847
968
733
197
2621
1362
607
748
929
967
2076
937
2880
1648
12
1767
1219
543
1054
1635
1599
686
235
365
2577
303
2282
2073
1189
1136
2443
3263
2714
2485
2013
224
1484
1580
42
2859
2011
40
1264
2298
2523
2165
2538
1576
2121
2487
2518
1096
2664
880
1910
1644
1976
2356
2417
586
1567
978
1763
1962
3070
2586
948
351
1343
835
2830
2064
1483
2821
2281
2573
1364
2782
2626
631
917
1517
2063
838
298
1057
755
3114
650
312
1145
2039
315
720
730
408
3051
836
2384
81
1016
2998
2858
1840
2145
1688
2092
2648
1742
404
589
1408
2424
1035
3078
208
747
1347
588
1306
1547
2944
1764
2379
270
1732
2966
3300
211
1444
150
1713
2710
2742
2533
3142
1432
3228
318
367
1305
1456
240
2432
2653
1873
1275
2026
2615
1897
3058
282
151
1003
1501
1665
103
1461
3308
456
3283
2187
1011
2131
2135
1720
1518
1833
852
3237
2570
2109
2884
1804
2812
72
2705
1019
3087
121
868
591
2176
1623
1584
788
2108
2537
1021
2170
20
2052
1636
1925
2330
3291
574
1104
403
919
1169
2229
1690
102
997
1759
1520
471
399
934
712
427
3212
1846
1967
3292
1295
437
2156
2915
2620
1795
3154
85
19
653
108
2851
2287
2604
198
1069
117
2659
820
1917
2556
1676
1276
126
3181
2682
2338
118
1329
2957
3309
421
1466
2553
1704
1339
1712
3180
3063
1911
3082
2990
1401
539
1820
843
1744
331
3084
3055
2267
324
2885
538
3156
3303
1858
2077
3205
870
227
1762
3113
2238
3286
515
1631
1506
3174
482
2566
1667
2082
308
2940
3188
2002
190
2558
1074
78
3064
3006
3032
3285
3107
685
2042
708
1913
37
2155
11
2918
3139
226
376
3200
1716
694
478
1045
2383
2661
555
531
56
2932
3153
2531
2832
638
397
1992
567
2771
1536
429
259
2464
3221
2249
742
2154
392
1293
774
3159
564
1684
771
519
442
1270
1303
624
3148
272
3117
2437
2292
2255
2837
2731
829
2335
484
2266
3018
1939
2815
1320
1830
2511
786
2208
15
1058
3302
1400
38
268
3189
665
1802
23
899
2467
1839
1258
608
2393
2554
2392
2624
2867
1438
2438
785
2651
2159
889
596
2696
2787
3312
3124
659
2020
2376
1823
1471
2984
1966
105
2017
904
1510
2470
2778
186
1933
345
2321
2388
813
1109
2340
1717
3242
1365
313
3167
576
3170
1669
1585
3173
155
1260
2700
2744
1558
1807
1351
2736
406
2415
2204
1923
3073
3280
3033
878
161
1497
916
3186
681
1708
1012
962
2311
25
905
551
875
1950
1181
1751
895
2033
2820
2869
434
181
2406
2598
912
1252
373
2574
3175
814
2235
3307
1008
1130
350
1800
1609
2575
2199
1006
2668
2221
1607
1786
2481
3013
684
2137
369
1630
2783
559
1202
1350
1941
2456
2014
1367
837
1591
2402
2806
1598
207
1394
975
2709
1534
2704
2152
237
2272
1396
1793
2840
2849
2800
486
43
132
3076
1862
2355
381
1527
2478
370
1718
606
1963
717
867
2395
3096
2285
1047
1979
700
1051
1655
2118
3311
1843
998
2459
1022
2591
1188
513
734
3059
2595
2930
2677
2986
1532
758
326
160
1972
2188
472
481
101
2922
1029
3250
2491
2864
3081
2088
2194
201
672
450
114
1891
679
3264
883
2818
64
2563
2733
44
344
1709
1782
2983
1168
830
416
1983
1063
2143
2071
2400
2095
1083
2012
3110
2367
556
754
943
3106
1274
1805
3109
1652
2879
2686
497
2941
225
2222
873
1048
2877
3050
1588
232
252
2425
2672
3108
2378
2773
249
1749
1646
2096
711
1111
2670
2160
2551
222
2094
1847
2548
1856
1037
3035
2923
2600
1334
1447
2567
191
2347
2127
1611
2223
3277
2761
168
2619
3276
1931
560
1345
1196
2225
1542
93
3210
2366
2841
372
2191
2767
3293
1227
1572
349
954
511
63
1906
3005
1199
1822
1363
632
325
384
473
942
1845
2006
952
2288
1218
2197
1543
2368
1159
1244
378
305
546
1783
613
1151
2671
1677
2561
1796
2746
2482
2043
3267
3104
323
2667
2669
1215
91
1125
1316
1143
1123
1489
1604
656
1968
1134
1138
618
1779
3298
1356
2310
1073
3194
1784
1969
2104
1694
766
330
352
380
1053
1905
508
236
578
1977
1745
2948
612
1084
2001
731
1863
274
2568
655
3248
2928
906
1733
3049
722
1772
702
710
2171
2974
2699
230
175
1241
3272
139
797
2929
1661
1487
3102
2666
1930
2274
2724
2579
3132
1815
602
2313
167
3219
833
24
1849
2031
447
2772
449
2027
2202
1172
500
3103
1524
2550
1277
2169
3152
52
338
2492
1675
3069
958
1790
1728
1832
687
1632
2231
1726
9
1936
1769
73
3011
1431
2180
621
214
1392
1186
3155
2978
714
2186
432
1055
765
3089
1509
2607
683
3195
2857
1452
3004
1507
3278
2138
26
2128
949
3015
3003
2732
2195
185
2343
1139
977
2500
846
1237
387
3251
3036
1308
368
2476
1637
1739
2979
21
266
2218
3193
2693
1101
1993
3007
1553
3044
1287
728
1954
374
1554
253
1141
2943
689
1649
3001
2603
3140
1433
3022
2306
54
88
2909
1610
22
2058
2
2541
2958
1957
1687
1250
474
3201
3249
188
666
2084
1491
3287
2468
777
1245
1808
2544
354
244
732
1417
33
2067
2692
156
1741
1135
1791
1233
1596
2085
182
2817
3157
1283
2025
1797
3218
1478
430
455
1087
1472
283
2210
2557
58
1318
36
3244
1829
1449
1753
2740
1985
3295
3047
3208
1615
1103
516
1949
582
1817
811
1450
879
2157
97
3077
3165
3252
2729
159
1147
2776
2028
92
3026
2763
2819
3284
932
2316
2059
1225
1886
2814
605
2920
3012
2951
1693
922
1545
304
1116
790
2898
1970
819
920
1918
1271
2486
2295
676
86
808
1455
1332
1990
1018
1578
2450
1654
3009
2681
825
2609
1789
1385
1765
2153
1204
2965
641
1039
2950
3039
3048
2100
142
2610
3166
2132
18
1326
1435
17
1515
3231
1464
1220
579
738
2275
2203
563
552
1437
2602
441
452
3241
2963
1132
1200
1919
419
1390
1865
462
970
2167
2448
2034
2163
2344
1836
798
2798
1890
562
1595
2656
1870
475
1221
3314
854
1516
1485
2973
2452
1004
1629
1278
333
2252
1525
2721
1907
1857
2430
1020
1442
265
1272
2730
3217
762
2995
1756
1691
1014
1315
1937
1265
1573
542
1419
707
1033
2673
1170
1710
1388
1778
412
1027
3017
1231
1924
294
2472
1052
3075
1322
2408
1785
782
1735
860
2631
1571
2339
1700
2451
1562
2611
2977
2993
2945
3065
476
974
2810
3257
2120
822
2314
959
2134
3282
2931
957
2578
1210
2318
547
1475
3068
1660
2739
882
284
84
2449
610
1049
1945
1077
2643
2214
2212
745
2179
1522
1946
900
1851
2901
2337
2009
228
2616
2074
921
927
1854
670
1094
1813
234
1914
654
3146
2911
2261
615
1162
47
584
2608
1685
1325
1302
133
1679
487
425
2689
2662
1307
1072
802
2005
2734
642
2259
989
285
1166
991
1656
385
1932
1410
178
3010
2066
2921
2560
1498
928
3273
440
300
2447
2240
2065
1586
809
637
1098
489
924
740
1082
2752
1002
332
3120
2514
1415
783
1324
3304
2346
391
2078
1620
1727
371
1354
1310
3046
3318
3232
2278
1000
2315
1771
2495
2463
634
215
212
1068
2646
80
3147
2562
293
1335
1309
1046
795
865
652
698
83
2030
1531
2497
853
1826
1416
1988
1387
68
2301
2601
566
173
1474
526
1323
301
130
1921
205
3202
2513
1505
469
3119
2184
2312
1488
1026
1465
1418
2441
1645
3294
2296
32
176
171
1521
944
405
2055
573
736
1256
1678
87
2844
1999
649
1102
2469
3240
2848
1882
2477
467
98
1594
2905
1523
2510
2494
1174
336
600
2793
67
1680
1885
1253
164
2471
2462
327
1915
1397
1236
1705
2079
2629
2233
1958
2508
1650
0
1205
2375
866
2827
636
2322
2896
663
1331
3145
2576
3129
280
1770
2144
855
1513
310
2539
1773
629
1746
245
2372
1806
431
1376
2777
1940
3297
935
536
1537
1928
2291
250
2358
2087
2908
696
241
806
3025
1743
1149
3224
1579
2938
1864
999
2323
2148
593
1824
1193
3038
3301
1187
2861
1066
1468
195
1133
1821
2484
1544
353
2351
1707
457
950
976
2895
565
2996
422
3000
1601
2123
598
1406
1819
337
1086
1091
973
1689
512
2605
1173
1448
571
2373
1192
2509
764
1285
3187
2436
2341
544
3111
172
2894
2743
2273
1359
1614
2442
192
288
2780
2276
1706
1213
1810
2106
753
3101
2232
871
1460
1180
35
1490
1674
407
841
6
2455
1960
77
2015
2068
1699
3162
196
2209
2590
49
1036
1171
1429
876
3324
1672
2555
1259
1178
1254
2559
3227
2737
1267
1494
2419
1519
3238
480
2354
2250
1360
1557
2936
2385
2889
1409
1395
524
3255
402
1243
2924
1486
713
1981
2364
1459
2309
869
2688
2216
120
217
568
955
675
2723
1621
2954
2757
1108
530
3190
2883
2036
1001
3322
658
1774
1120
3204
1420
2760
664
2697
2741
2794
983
657
2997
877
2105
2623
189
3037
3247
791
940
1787
2779
2540
781
749
611
131
2192
1075
1403
390
1384
3023
986
1375
1973
592
3158
148
625
463
2284
2946
881
2099
1017
1867
1887
2093
1044
2352
2801
2465
1671
864
688
1361
3008
3275
1987
3265
964
278
3269
603
3045
2173
575
3169
2874
1089
233
1619
4
2102
3099
3128
1203
2545
255
2660
671
2431
1776
1088
2762
309
1560
1246
2363
2460
1165
2260
2369
2294
491
454
2119
3116
1947
667
488
1261
2876
1212
1900
1608
1078
2881
3185
1038
1366
61
1848
1550
1211
1581
1079
1099
2359
170
716
1479
1634
2409
2515
1445
3260
1042
3172
2371
1379
2446
2357
401
279
1382
3094
166
2580
2458
756
466
223
3122
3112
1372
2389
1424
741
891
1175
2890
100
136
901
3062
2297
1368
845
2219
2994
1412
961
2480
2698
2799
2334
50
3222
2959
2687
183
2228
2439
2325
682
343
66
2875
413
2652
1314
1633
3168
2256
459
1781
840
1860
2722
179
1155
2304
8
1929
1495
1561
2916
561
382
202
1755
260
2804
39
1106
3164
1428
483
1025
1638
3144
1528
3095
1158
3182
2103
1908
776
2019
2878
2766
2904
2320
2434
2796
1624
275
1618
2333
2308
2803
1504
2410
498
2178
187
2007
1530
2399
1754
1603
2738
1289
3233
135
2888
1916
400
2535
1555
1355
3002
3239
163
2685
51
773
1230
1150
246
585
377
2416
1647
1013
213
908
229
2596
807
569
1126
231
2361
2049
426
993
1229
2678
2185
200
2641
206
985
2862
982
2765
1499
1440
2527
2290
2234
2097
436
992
2594
153
2224
1533
2663
2823
827
2239
1696
839
2564
1986
1593
2091
3141
1439
521
2205
1238
1122
3290
1803
972
2991
2735
2404
238
930
1453
347
2200
1128
1389
1050
994
2843
2142
1234
1834
2230
1024
2650
147
2630
2968
2370
677
1724
2775
2853
1996
2961
1640
394
143
2051
162
60
529
1161
414
2622
495
549
2728
144
1818
3149
295
1703
3316
2426
1157
451
2151
1300
2244
2521
446
433
1290
3014
464
1734
1535
1761
3027
2690
1296
528
2466
2502
14
662
2211
2926
2825
963
1995
609
141
2277
2860
1731
2217
243
423
2279
1605
2639
1386
289
125
1248
2638
1226
2784
1582
2362
1980
2206
1010
3209
2021
2534
1470
2124
2303
1622
2655
439
169
2116
1257
443
3136
2122
1336
622
1758
705
322
2270
799
2300
3198
2764
2774
2720
296
1663
321
1825
157
2247
1195
617
180
704
2196
1895
2786
2520
850
1009
1612
460
1570
1040
1812
1492
1194
590
2846
1427
2060
1273
242
1117
302
435
724
2475
2435
2110
2397
1546
2967
872
2528
2003
1920
1668
1476
2822
1357
2147
887
453
3100
428
1828
719
831
1015
851
2829
2390
1317
3098
2331
577
1956
2125
2150
2307
2599
1974
2792
772
909
987
388
1112
1777
256
2868
2422
79
1503
2488
2934
48
1859
3093
2429
1288
2183
29
520
1697
499
396
3150
123
30
3028
2293
858
2113
1005
693
307
3030
2971
2405
152
816
146
59
2625
395
2719
2839
1511
2473
2828
1299
616
311
1853
1989
2057
680
2139
941
2286
630
2665
417
2047
2396
1228
1878
2182
2421
744
886
444
1961
122
363
1398
492
2637
2444
2882
2522
3034
996
2181
1118
124
2597
1284
2935
75
1965
2226
1333
2506
557
1198
184
31
1757
2129
2242
1041
468
1292
2824
735
2257
794
1214
1880
1831
267
953
2328
2023
16
2927
1927
633
3043
1430
3313
2319
2264
1943
1349
580
1811
2715
1740
1625
847
2785
2061
3266
361
2146
2427
1681
2999
1617
1877
936
532
981
2585
595
2032
2162
1208
2115
1760
2925
1657
2070
3061
1540
53
1725
2398
2401
2474
2254
1952
2640
3086
263
548
340
3115
1898
3281
1297
314
2324
1480
894
1641
193
1342
127
1541
2592
907
2718
2676
165
640
619
2887
3262
10
1883
34
2045
2490
709
69
1422
1658
2797
2024
1994
2870
857
931
137
1590
479
2675
1301
2759
2035
1723
581
1592
1338
221
767
1730
328
594
409
2960
3268
645
239
95
2617
2493
3151
2751
2972
818
1493
2365
1185
518
2457
1217
2834
2636
3234
503
1747
1901
65
660
1056
737
3235
1154
2348
71
209
3054
1206
661
2593
2317
517
3083
1814
2914
651
558
1938
1651
2101
2164
1463
46
1692
2569
1539
2970
1775
1152
3261
1955
1902
1748
1251
1695
1023
960
1998
1065
1738
2582
415
2791
535
2768
984
2048
918
3126
509
1080
2213
980
2708
1313
287
2117
627
2572
1378
2893
502
828
739
2933
1105
3097
2942
2795
2695
779
2711
1627
1131
750
2645
1341
1458
1559
292
218
824
3207
1337
1451
149
1059
1007
418
2632
1
1321
1182
2981
1167
2501
2433
2900
1942
534
2903
2546
1097
424
2046
2712
946
614
644
507
601
3137
725
1207
269
2089
1861
646
1552
2504
572
1639
3057
2461
2526
2387
2517
1352
2633
1682
2161
335
3279
956
13
3325
2000
248
514
2004
1575
1140
2891
1481
438
2172
1606
2289
1327
1358
2691
803
1209
2201
1201
1766
1348
140
271
604
533
3040
364
1997
3256
2075
768
1473
1722
1719
1223
1482
2081
2136
501
2831
3079
145
2587
1768
2985
2976
2873
1163
2919
1344
1160
1602
2130
2168
2962
648
138
988
2040
2271
849
2647
1876
2050
45
3127
3192
715
2349
2198
3243
1216
3041
1146
445
2360
320
1736
3183
2838
3199
1548
2892
1462
1662
1294
2703
1153
2236
1894
1991
3090
823
1750
490
2037
1529
2584
2227
3229
1177
104
41
896
3254
3091
2707
1556
3246
2248
537
3178
158
1896
2536
3143
210
695
2499
1838
796
2947
2445
2850
2955
1801
3024
2811
1944
3197
1666
1124
216
297
1282
506
668
1583
329
2382
1121
358
1092
1043
1951
3031
2018
3213
3319
1889
2980
2038
1871
2856
3067
718
1255
477
1224
3236
2498
2702
2175
355
55
2381
5
3320
57
1266
3080
3245
1115
3072
821
2706
939
842
281
3016
2589
1304
804
1587
2872
82
1061
2423
1852
1875
673
979
3066
2516
995
2193
2428
793
3074
1626
2964
1144
2107
1837
1670
2414
1434
583
2519
925
2141
2854
1502
1197
1642
2056
945
1353
1872
3021
1067
348
692
523
2906
3088
826
1156
461
2871
2532
2917
971
99
1922
902
398
2988
2618
1093
2505
2987
1457
76
251
1701
805
2694
2332
2683
2781
1835
334
3133
2503
1984
1538
360
2789
1792
247
107
787
257
2083
3161
2412
3305
789
1964
2907
1127
2190
1978
1841
262
1714
2992
116
1653
2644
635
1340
276
2479
1249
1391
3176
2269
115
3042
2833
639
1371
2863
848
2133
1454
111
2852
3121
525
2953
2565
769
727
817
2407
553
2642
2329
2454
815
2658
1183
3134
2263
1982
1508
2283
109
1794
204
2674
1031
1148
1142
3135
1374
1279
2807
2016
2753
375
1393
3179
113
3123
723
626
1291
2126
3310
892
1469
1752
2098
990
2614
1909
2635
112
2788
3163
2008
3230
2044
3177
2745
2628
1616
890
2265
470
1597
888
1711
74
2758
119
2149
1467
914
2627
1028
7
1698
2956
2489
3306
129
801
1866
1549
2111
703
1934
3130
3085
2716
3214
2989
2547
701
1798
1569
1888
3321
2080
2855
1551
128
1268
2634
3274
1060
341
389
1564
3296
2241
110
1959
863
1574
106
2756
1869
2613
2525
951
1566
2280
2530
926
1893
