1055
3174
1421
3089
1954
2885
3003
2482
1186
2476
2218
1613
732
1782
754
3303
3194
305
792
324
2607
2769
2171
1611
706
3210
2958
3193
54
505
2343
1728
3272
2549
2345
1739
2544
1849
2755
1417
2500
3015
1048
2686
482
3225
2180
1053
2877
2619
22
236
2492
1168
1553
2543
508
2747
2982
578
3004
2974
352
2058
2670
2941
2012
2043
3293
1661
2031
1554
3289
1084
683
2842
1274
449
410
2453
669
1589
93
2104
3152
2231
2773
2948
714
1401
1356
1286
2761
1496
1316
1694
687
711
3056
1245
325
1303
1990
2262
2950
2249
1870
2899
1988
2816
802
1586
641
2261
2562
2240
2055
1132
1390
2275
1045
782
342
924
2153
3146
721
2726
2132
771
3029
974
3208
698
1116
634
1442
487
2835
1110
1716
1477
1426
205
2995
1865
1046
860
573
440
28
3118
2612
2451
1310
2441
2837
3131
319
1027
1596
637
2030
3065
2214
1307
707
1450
1512
2316
3273
3047
1945
1318
1272
259
3166
2993
1225
2730
882
2963
957
383
2100
212
376
865
1789
2278
3119
1270
285
2025
790
2112
1000
1322
3288
2054
1233
587
652
371
393
2069
469
465
1068
3294
2177
56
2189
542
1026
2486
3318
1926
740
2819
1180
3129
2805
1361
899
1460
2654
1915
1900
177
2946
1373
1253
570
891
2419
382
1403
1420
2342
664
2470
1424
1298
1246
2954
596
2357
179
1165
671
2894
1133
498
2305
337
136
3255
2890
696
2698
3238
983
480
1397
1368
1263
629
1557
420
2409
1707
757
1355
1081
400
667
1178
1236
1106
1269
2341
195
1319
3170
2297
1971
665
2508
3062
2393
2377
608
172
2511
530
1966
1528
2041
2794
2701
1044
2779
1754
1407
1600
699
575
3169
3111
3099
753
3258
3191
1953
3112
1514
3233
2889
2651
3124
1395
217
2232
2509
3302
2323
861
1099
1314
3203
1187
3259
189
202
2660
2467
1523
904
2442
1212
2515
2208
290
1042
1445
313
2334
1346
120
1513
1948
1459
2216
3189
1987
2684
1372
186
2173
585
622
2882
1112
2165
1576
1005
858
2270
2663
1342
2070
2764
2047
2279
75
1357
2655
347
1214
2475
2782
2830
1612
1658
2257
677
1761
887
2523
2390
1386
2211
434
2427
443
2282
154
224
2239
2406
1786
1248
2110
2319
630
3136
492
453
981
3014
60
436
2792
2775
2575
263
206
733
724
2057
831
2538
886
29
2417
684
2418
967
2592
2860
816
2182
2637
1453
897
246
1558
53
3028
2166
2064
857
1950
2183
2277
1582
794
2522
2199
1668
351
2630
2324
2443
1927
1853
839
2927
1296
2426
42
3186
1480
433
908
2968
1503
493
124
213
2829
1974
1535
242
1232
1238
2527
2868
2573
2205
2011
340
2574
1150
2825
289
963
3266
499
3263
2641
446
1764
788
2004
1840
1730
1723
20
2000
456
1059
614
1167
46
2917
3024
2504
1843
1093
2118
403
1043
3268
2892
648
1451
3245
312
2271
2039
2050
1432
3325
1104
3021
2795
3151
3097
3254
1188
318
2387
3246
1871
1223
826
2849
2193
211
2117
939
2175
828
836
2526
2499
1636
589
695
3207
355
1722
1067
507
1801
3142
2536
239
1501
821
3300
1169
779
692
537
1011
997
138
1944
1023
2533
2742
2365
271
3088
1224
2424
1209
2947
99
1061
3091
533
1444
2285
1655
2145
328
2135
2962
132
2944
1255
2981
2636
803
1979
842
2402
918
1493
1768
418
2706
2893
209
150
1394
2289
257
74
326
1794
2745
2088
2659
2412
2987
3042
2756
1984
427
85
107
1466
2989
201
3082
2614
2788
863
3121
1060
2907
2044
2753
2852
1551
769
3274
805
3309
1454
3063
2083
2525
2613
1846
2098
470
2491
2241
1469
2556
247
2265
817
1520
421
3305
3180
3184
1568
1805
1141
3155
91
3106
666
1604
3055
1184
1931
3053
618
190
1507
1652
372
1779
883
655
2347
1509
1729
731
632
37
1083
597
1441
1287
222
2732
2243
1863
977
2094
274
3
2155
1905
52
1218
1308
1452
1675
1215
1721
225
2727
1573
234
3232
795
2411
1094
494
1562
2251
2920
615
1890
991
3048
1324
921
928
475
1388
2776
1691
2296
944
2601
3218
915
582
1771
1654
182
2154
441
2809
1410
1220
3252
1685
2921
1283
2514
1753
1615
1645
2610
1992
2255
610
3284
3125
2602
478
3017
2157
304
547
752
647
2750
2845
889
2770
1705
862
2439
2351
2937
1070
2787
2510
2994
94
3301
89
2624
1429
3023
2697
716
345
3312
1860
2762
196
2099
1755
1975
2796
964
2304
2388
3071
1823
1603
2237
1205
625
2371
407
2291
2760
2309
1066
105
155
3224
2652
901
245
2093
39
1320
1479
3247
1495
2827
2583
1884
2861
1664
1365
2325
67
1158
2687
3094
2555
1062
2392
174
1622
2744
2401
238
1994
617
1219
1641
1317
2281
872
835
2121
2311
122
1599
2254
3281
994
1952
2518
1194
1229
2521
51
311
2828
406
2665
1349
2506
1071
937
1740
2024
1057
1476
2640
2061
2125
1009
2821
1226
1962
2786
2217
2676
30
2483
2564
1825
193
1301
1264
2331
1880
1724
1898
1202
1976
1281
2328
2719
1763
549
2728
1804
2423
292
2854
2107
1719
513
486
1347
2493
2161
2791
956
2330
367
661
673
2382
1896
1216
1
237
1627
438
998
1695
424
1666
1662
57
2026
2569
506
3059
1378
2037
1529
2617
3057
2014
82
1146
574
3072
1626
121
1145
221
370
3016
2709
1587
1639
1105
2213
2461
896
1963
1282
2565
115
471
848
106
2126
2280
1698
1467
472
399
2627
820
3133
1841
1029
129
2864
2758
3212
1869
801
2188
2635
2287
1891
2666
830
1588
777
873
354
1790
3110
497
1199
1191
3271
3264
2671
765
2223
330
308
3248
3050
323
1903
1856
1809
2197
88
2071
2010
702
2512
214
338
2400
743
2567
78
2306
1881
1244
1715
2090
1392
3001
1572
2563
2558
539
3220
1037
3285
3140
3267
2072
3102
1784
843
2310
230
3201
1904
387
2680
1487
710
726
1847
2949
3251
844
2524
349
2672
1892
3069
2222
3007
621
1808
2313
473
2548
2551
1074
90
188
656
2693
2561
1832
344
3286
331
2027
416
227
1543
2808
232
3109
291
1277
1137
368
1631
2699
515
447
3276
3084
1628
432
1677
2143
1815
2746
2772
623
2923
1076
2566
1855
3032
2667
2979
2140
3104
538
554
3188
3103
1345
797
2733
3206
1489
1143
1783
500
1101
1749
3107
2748
2857
2186
3326
1745
3049
167
1762
2202
2006
9
906
2077
21
2095
766
942
1073
1737
2754
1262
546
2225
2943
1687
63
2367
1447
1726
2267
1431
3249
2086
938
943
139
1913
708
1993
870
2195
3287
3108
2169
175
2879
1111
2001
2138
1845
3160
3052
556
2084
1646
44
1649
1139
3298
253
613
2042
1936
511
378
244
884
380
800
2692
1433
2160
833
898
3006
3105
1227
3044
697
1796
2191
191
1334
1402
746
254
1524
1241
1196
2541
778
2725
384
1744
33
685
1151
1172
1983
3035
1237
2909
2983
2366
3196
1542
1637
2368
2940
1977
722
949
728
1235
2
3195
266
2978
1709
3036
958
1769
2600
2274
2468
2096
903
3205
1095
2975
2767
1506
474
1610
1844
1123
73
2029
3064
1968
64
26
2724
1667
1411
3132
612
2288
2939
1930
249
2928
168
1063
3277
3156
3011
832
2425
1363
2841
674
1822
690
2818
156
643
2929
1125
1250
252
1159
3278
2603
1969
810
3219
1491
933
185
2128
1138
952
1632
3022
2238
374
1772
2550
2579
1134
1383
602
3005
2568
2378
3113
2082
689
2127
1906
784
1820
1733
2969
24
2790
2067
1858
1957
2669
954
2002
1741
846
560
2497
1449
1817
1370
1919
2817
3157
2258
1455
83
1985
2713
379
745
392
3077
1271
825
654
1231
2798
649
552
411
922
1103
294
1924
1565
1693
812
2074
738
1829
2085
70
2448
774
762
566
332
1765
359
2679
62
284
2437
822
2932
2529
751
3223
1425
3165
780
2495
1932
927
133
2945
1684
300
3147
989
2383
1072
819
2844
1325
1162
1571
2344
2496
2449
425
798
272
2179
1521
540
2771
96
1033
92
676
1788
18
1735
1660
171
1525
2207
3314
2259
3304
2028
228
1939
1170
2734
1002
1710
1082
58
1004
2578
2901
1437
1780
932
3018
2977
1727
3216
2318
1949
2965
1516
391
2391
1129
397
1868
3026
1629
11
638
97
2815
3117
3253
959
1475
519
893
80
430
555
504
1335
1085
301
455
2210
2292
809
1921
429
670
2662
1531
550
3019
283
1293
178
3012
1914
2689
3159
2301
763
811
3039
562
783
1620
339
84
452
859
3075
900
564
1280
2339
1907
2034
2120
159
2832
2931
1545
462
3231
2681
2643
2246
3217
1485
1332
1020
2631
742
2814
1446
2314
1836
3060
2910
2215
3257
3244
1135
485
1052
1536
2167
2810
2337
2740
1464
2721
1679
2606
2203
624
1204
1842
3241
1164
2266
2452
2557
808
3299
316
2212
541
1166
2951
1039
1147
2763
1077
2656
605
1813
442
176
203
1302
1522
1107
545
2902
2005
1791
412
2911
1488
1210
1423
3200
563
385
1465
2252
489
2346
1385
2560
1826
1416
86
3215
2059
2440
1970
1595
1474
3221
2729
2430
2447
1756
68
2335
1478
911
1854
1102
226
1309
3010
920
1323
1239
856
3282
1578
3009
1498
194
1018
317
2739
1857
2245
2163
584
3068
694
969
829
265
1505
2608
1265
484
2220
2661
476
1113
2078
526
1014
1087
1418
1090
173
142
2513
2611
947
1937
1311
2065
2646
1785
2450
1200
1256
642
3046
130
1326
32
3148
854
1315
1851
1049
567
516
1683
2531
2752
2066
3317
405
1098
2673
1387
2464
47
729
2836
1435
1918
17
419
1247
2472
736
2973
1656
3153
1278
2408
1686
3295
333
1380
36
2463
1886
2327
678
2009
2898
1032
1419
3211
293
2609
3139
579
2731
853
1678
1946
1221
1778
1999
2315
2295
2616
2184
2657
879
1354
923
2913
1700
3202
970
2918
1515
1472
1797
2312
87
1415
3120
531
215
2134
761
2413
1947
1109
1494
961
1614
2590
2737
1025
611
2053
2545
1086
1864
1781
3138
764
1289
431
834
2276
1260
2410
98
192
2688
1526
1438
3239
2375
1406
3172
2159
1036
1261
3092
3240
2540
1671
1258
1075
1149
2936
2106
3227
785
6
2020
463
1850
2399
1581
1384
2123
2580
756
467
2897
280
2554
1404
1706
2036
1618
2996
1624
2455
135
2904
1929
458
2997
1699
327
1550
3275
187
1377
741
2685
2460
2552
1108
163
2480
2469
760
1774
2916
488
2780
2268
845
1672
1058
2896
183
1359
1717
3315
1940
2938
3045
1806
1171
3168
2484
3324
1436
2875
336
1577
3173
3260
2777
241
2757
2867
1412
356
2352
2320
1203
1400
2738
2062
599
310
1030
2079
1669
2802
866
1579
855
877
571
1254
1680
781
1192
2374
2700
940
1193
2394
131
1330
353
524
3037
466
3270
2458
1981
3116
2103
776
2353
2959
2380
100
3265
2924
910
2749
1827
2446
3171
1413
2373
2403
1468
1958
659
3297
2260
1619
268
2022
1375
309
869
250
286
759
2905
2878
2321
255
986
386
2114
603
2068
2363
50
786
3164
1770
1594
2778
1285
1638
1560
1174
2007
66
2256
791
3190
1882
598
454
264
2284
164
1821
1810
999
1689
840
1155
663
620
2438
0
2629
1634
1933
459
2192
3144
2178
3226
2273
600
1563
2876
544
1001
510
955
2477
2576
876
148
1500
2803
1328
1331
1175
2462
2364
219
3128
2494
1519
593
1839
1776
2571
2883
1376
1120
279
422
1267
1088
2250
1078
1379
1259
3204
1544
1799
2984
1405
1091
2389
2372
1960
2302
166
2431
3008
343
1360
3020
457
1382
2588
2102
2105
1179
976
2436
2881
288
1100
1819
483
522
1381
973
2322
260
2722
2559
2158
561
935
2019
1848
1448
2119
3095
496
657
2144
1486
2174
277
3269
3323
636
1928
1555
3187
2385
2623
3182
576
2723
1079
77
2209
806
2813
592
675
813
2233
2333
1916
1369
1824
1659
2535
2743
885
8
1471
628
413
15
3002
1510
2539
2888
2471
61
841
2015
3222
2358
23
2465
1211
682
3322
1585
3162
1674
2696
1608
950
2354
306
2801
749
3242
1973
1899
2866
2766
1243
1908
273
2228
2386
2581
658
2895
134
1887
2308
688
2340
565
1114
3158
401
1409
2294
1173
1038
35
2219
2804
1633
881
1702
1428
390
2359
2350
448
1530
2874
1537
568
1743
1912
874
2848
491
3122
1787
362
2908
1874
2017
871
1414
1089
261
1222
2865
1366
1240
1650
536
512
1830
864
223
233
1213
402
3167
3025
38
1119
1561
1802
357
4
1601
278
913
3101
2369
1017
2087
3145
3000
1490
2326
2741
3185
2605
1867
1504
1673
1885
275
2434
2148
1773
1746
170
49
2376
2793
2799
713
199
3038
1621
2853
1399
1008
2091
1734
1731
838
748
1040
435
1758
1015
373
2622
1648
451
1607
2690
619
2033
1533
2490
3316
2051
1190
1725
1122
735
2139
2060
2116
298
2422
1859
1767
2113
1751
978
807
350
1288
2303
2528
2221
1630
3043
12
878
1816
1208
1234
3313
2577
1440
2247
2675
2598
396
1517
3030
1540
365
2935
1703
1041
595
394
1935
184
907
1511
1034
1996
1541
127
369
929
1803
2421
1877
1879
1647
680
2224
1811
3290
2664
479
2290
2971
993
1333
2585
2638
2847
161
48
941
2839
1422
2435
2336
426
2718
3033
2362
2952
243
3013
894
3100
1242
2843
1807
1430
346
1995
521
1443
916
2129
14
1492
162
850
1228
880
16
773
1299
229
1297
165
2115
1546
2181
3280
1640
1012
948
2196
1812
3209
982
137
528
2650
464
2473
495
2286
468
1364
169
2481
1617
1643
2032
423
2520
3027
2887
2404
2599
3093
2244
1130
361
755
2397
827
152
2934
2784
520
1176
1198
2912
1920
1024
302
2370
2880
705
2886
1757
1343
2820
640
2862
1828
1609
966
3307
772
895
388
1625
2122
231
2870
2416
2300
428
1497
1252
551
2822
2785
936
2534
1895
631
527
377
2596
1096
1961
2507
2466
2293
3070
1965
1126
1010
2420
395
1878
295
847
146
3086
1181
1760
2150
686
27
2226
2230
460
1136
633
1257
1708
532
1292
972
2597
2926
2444
1117
3149
2405
1644
1336
2774
1389
1681
985
559
1580
3034
2124
2797
2625
2961
2485
2398
2137
2586
1006
2714
366
2626
314
2298
2999
987
1567
2826
2736
1230
197
557
1800
2242
1300
1570
40
2765
2925
235
662
299
917
1696
2200
439
321
256
1956
200
2142
2234
2356
2621
1273
1910
2049
307
1483
2146
1398
3198
157
799
681
147
912
2594
1189
1312
2097
1657
2264
962
79
2045
2429
709
968
909
417
2307
2783
1351
3061
2639
181
2649
2967
3073
548
1470
1118
141
2076
2488
2823
1157
3115
1986
1284
1777
2361
770
1818
2542
693
931
2073
1290
704
2151
3175
2204
3150
69
143
444
590
992
1593
1605
3262
123
586
2824
1128
2063
2735
965
2869
303
322
2023
2991
2013
2162
953
1050
1439
2717
719
2474
31
2147
2720
2715
153
296
1195
1484
2502
607
3141
1590
2846
1943
1980
580
616
1697
1362
2003
363
744
34
2759
1635
1013
3098
220
1427
2299
2253
2206
2021
59
875
905
2235
775
267
1161
930
1834
1989
1663
529
2668
609
2859
1831
258
125
2678
996
2415
144
2487
1054
414
577
691
2396
2185
1923
10
1064
543
851
180
569
814
1499
25
3114
1883
979
2152
1482
2075
1991
1251
1275
1682
216
297
3090
2584
3234
2647
207
1852
1738
1775
3087
1720
1344
1837
2572
1742
2517
2702
3279
3183
2052
1598
1160
248
971
1748
2906
1938
824
1997
1458
43
335
1942
2109
81
1873
158
1623
1552
1556
804
1348
902
868
1051
1456
583
501
2972
1182
1862
2456
2532
1838
517
2872
1547
1534
2840
151
1207
1473
2834
3213
2089
1575
140
581
3236
2633
717
601
3066
946
2593
1732
2130
718
1321
445
3096
1019
1713
2871
988
2838
1591
1121
1163
240
65
660
2201
1206
2595
2703
95
3031
1124
2379
3308
1152
2751
1003
3127
3197
715
1875
2092
1559
3074
645
3320
2988
2018
3041
1016
2414
919
1766
2856
281
2519
2632
2040
2501
1408
1518
45
2164
1902
381
2101
3261
1833
2582
980
2942
606
849
1750
1304
2710
502
1352
2768
2349
518
594
1747
3126
2919
2711
2046
3199
208
1901
1463
627
750
1688
2831
2964
2131
1539
523
2998
1306
315
1592
490
1583
730
270
1217
2168
2645
1951
1022
2516
1197
1341
2960
1367
2955
2903
2707
2136
1925
2229
2618
2227
1606
793
2985
2537
572
41
2648
509
1736
1266
2459
3256
1718
2587
3237
1047
1793
408
2615
1115
3080
72
604
287
1065
1177
700
3078
3079
1080
720
1305
2445
2900
668
2038
364
2478
725
1350
2141
398
960
1338
2704
477
535
2498
975
1035
2172
1153
2081
3235
514
2858
2381
3058
2570
737
1692
2433
103
1294
3051
1358
1481
2653
1602
767
1527
1814
2348
1665
796
2850
2236
945
3291
2691
2891
867
1461
1131
2108
2800
1007
503
2457
2198
2873
1889
2035
1651
2884
747
2048
2914
3178
55
2966
409
3319
2248
1872
149
2056
461
1092
1897
1313
1353
1502
218
1154
145
1396
823
995
837
2546
1876
1548
348
2976
1690
1434
329
1056
2384
2272
1021
320
2187
1642
3067
925
1922
282
2708
358
739
415
1462
734
1156
558
3311
2176
2355
2806
818
3083
1185
2980
1337
644
104
2170
1998
650
2705
534
2432
13
2395
852
3137
2591
1201
1941
591
3076
3228
646
1584
1670
2712
1759
3229
404
71
3143
2812
2970
768
2360
3192
3283
3054
2317
2695
102
651
588
984
269
2428
5
210
1894
1097
1140
2811
2589
1144
1327
3040
2933
1955
3243
1861
2008
262
712
1712
2863
3310
1183
1574
2503
1566
375
2789
2683
2604
626
2833
1538
2922
1028
117
1532
1752
914
2407
76
2547
389
3230
934
2194
2677
2332
7
1268
1148
990
3306
951
1964
334
1276
3135
1597
2454
2338
3123
3154
2156
1982
2149
815
1792
3321
3134
789
360
2329
2807
1967
2855
2716
3161
126
1339
116
701
1676
2283
2781
2992
2111
1127
1888
2016
2479
672
2553
1340
450
2674
1972
114
1835
1393
1795
2628
2190
1866
2133
3130
112
723
1701
926
118
553
892
160
2851
113
1704
2642
3081
1616
1249
2990
110
1374
3177
251
3179
1549
787
653
2957
2269
1569
198
1653
2644
111
2634
1295
1142
276
119
3176
3292
481
2986
1917
1934
1909
3163
1371
888
3085
2930
635
1508
525
1069
1959
2956
1978
1329
890
1711
2953
1798
109
2694
1279
3214
1911
204
1391
2658
2530
2489
1714
2682
101
1031
2915
679
1893
703
108
727
437
2080
758
2620
128
3181
3296
341
3250
2505
2263
1564
639
1291
1457
19
