1589
810
372
843
2095
368
3107
1139
2180
1784
710
3264
2476
623
44
190
3289
3110
354
305
1151
2058
1392
2579
1524
236
338
3155
3140
2600
1227
1632
2010
3278
1487
1610
1729
1855
3194
2267
1849
943
1218
632
2909
1084
2727
3298
2197
2096
2071
2482
2958
714
3277
3
655
754
1863
1782
232
554
2686
1509
3188
222
511
33
1262
1661
1903
2773
3052
2761
765
1491
1969
1858
3103
938
1431
942
2948
643
3285
1652
3056
54
37
2692
977
3201
1489
1308
2378
685
846
2603
952
1694
3084
2689
1753
1791
2261
2661
1789
2463
740
2643
944
411
2266
3159
2731
2252
879
567
1475
545
924
853
2449
1014
2681
1311
3299
1233
2810
3026
2163
2448
1985
1990
284
854
1309
3317
2993
173
2657
1437
1000
3244
2066
584
1390
1324
2411
3221
283
1683
582
441
3295
1221
652
304
2346
1645
3060
92
2312
3211
1919
1087
3009
392
3029
2514
2656
1322
736
2246
771
678
2763
2179
1239
194
203
2337
205
2189
86
811
371
1700
1082
798
2513
2945
1310
3077
550
2495
96
2631
485
1685
1307
860
1052
1870
2275
2464
56
2383
1765
1595
2295
1949
171
1988
1449
1716
2212
745
2177
3065
2419
1621
2386
3258
255
1781
2867
448
3255
401
1042
2144
1705
2696
3164
1882
2233
2743
2996
1664
2409
2905
530
866
565
2359
2431
1062
2015
759
2062
483
1178
1355
2878
135
420
2651
1608
3224
2174
1100
1787
2552
636
2232
488
407
3302
1912
3275
39
3322
1555
166
571
1044
1806
1240
1973
1929
2321
2624
964
463
1460
1213
1916
1672
665
874
1261
3167
1495
233
2924
1510
2394
3025
791
217
2688
1099
2780
2302
2354
1680
1079
2760
362
260
1211
1899
1413
512
1776
192
3038
382
1519
2738
2403
2684
973
2413
1717
1420
3071
2276
881
1285
1366
2799
2102
2994
876
2325
593
3260
148
2434
2123
603
1864
2477
2749
1330
2576
877
15
136
3062
2654
2410
764
1377
2741
3158
699
2237
640
2060
1057
2045
2230
2797
2418
937
1825
2293
908
1398
1024
1641
363
152
181
2714
229
2070
662
434
2991
684
2639
3149
1386
894
2011
912
340
633
2785
29
931
1118
2622
2676
529
446
2200
2853
1643
2281
520
631
1724
1950
967
929
2534
2475
521
930
3027
1607
439
2247
3098
2522
794
2115
872
1015
2239
3175
2401
994
2597
1831
2775
968
377
1668
2502
3290
2663
3073
137
2426
1511
2047
2792
27
162
1499
451
878
154
1130
1176
444
122
147
2668
303
2091
770
3316
2474
3266
2361
2125
1962
2728
622
1803
406
436
1128
3281
3070
322
577
1898
2575
1071
31
1767
532
30
2596
2952
2473
2064
2063
1816
2466
630
1497
1126
2204
2162
486
2272
2135
216
2854
2236
43
715
221
3143
3234
1338
2493
2840
248
2906
1352
55
2850
41
1534
1152
614
1350
3243
81
348
151
207
836
2595
1897
2035
2040
2395
2955
1556
823
2972
2424
734
1104
2187
514
1003
438
2970
2800
239
692
1732
1482
3320
1224
3041
2587
1575
1451
329
2478
2130
1282
328
1955
1518
2414
2942
237
1682
513
925
3126
1207
358
588
1690
3236
211
65
2461
1097
2546
1341
518
57
1394
297
1775
1837
594
2709
572
2349
1502
490
3261
1035
1461
1764
2136
2589
2884
3091
1718
2198
2632
415
1255
3096
364
1871
1444
2330
2039
651
2831
1473
1144
672
119
2338
114
1698
863
2620
399
1551
679
1893
1835
934
3135
3292
2287
108
117
115
805
2556
2613
2098
3123
2658
1978
848
2863
1795
1846
470
201
2990
3176
1704
1467
2503
1841
2604
2753
1069
1574
2627
639
758
3181
727
2190
888
2454
107
2807
227
1101
1906
1726
3286
746
2143
2492
73
903
252
3032
2549
3105
214
690
1739
22
1125
2274
1993
2693
3064
778
1141
3156
3104
3015
2939
3006
1588
230
1137
1769
2680
1687
1191
689
2084
578
3108
191
3248
3050
2186
2027
1568
2940
2500
1733
28
2054
1033
2973
865
2835
159
1278
1788
1450
3117
2120
429
332
130
1465
526
133
1868
1596
911
615
1315
1921
922
947
932
989
2752
3166
1354
825
819
624
1926
2296
1999
1418
3119
3252
3314
1113
812
84
1525
1323
721
1335
465
974
1945
440
462
1890
1536
1727
3223
2918
2335
386
3111
1149
2936
1659
120
3124
196
1106
2357
3187
1490
277
3222
77
889
3270
2540
2291
3037
628
575
1328
1331
786
2623
3239
264
1036
1187
1459
1298
2535
1133
2580
1966
3122
1155
1058
2465
1382
2515
94
2554
1669
3092
2539
671
2804
459
223
840
2455
413
1819
1928
935
864
2959
785
716
682
625
3324
1940
1633
2766
568
3169
871
996
1257
2146
2968
2307
705
417
1681
3100
3030
3034
1644
2481
3043
2882
835
1198
1312
1443
1008
2396
2839
1264
1248
2860
1273
2621
1343
677
53
1208
302
897
1252
2784
2715
2328
2641
1117
1878
2356
548
298
242
2594
2520
1580
1943
1834
586
1617
2147
295
2626
1336
1112
299
2415
2242
1558
3262
839
559
141
2887
1760
558
72
720
919
2519
2751
2423
46
3072
1902
2289
1598
3090
1552
150
398
2089
960
533
1662
604
3207
2742
788
2705
3279
1321
2026
445
842
1022
1547
240
902
660
3197
1692
2000
2131
1160
1177
1925
1396
1736
145
2648
1872
2176
537
2593
2572
2402
2175
1011
1748
1266
269
1626
2933
375
2088
2789
116
1340
2280
1984
1339
113
2851
2263
160
1959
2756
247
2491
7
1564
3161
817
1391
3274
2855
1142
450
3085
1892
1954
1809
63
3069
3195
1881
3205
666
2171
2567
1345
2983
870
702
93
3220
3011
3225
2747
352
1847
1441
2243
2568
1363
3053
1820
2347
2400
2808
387
800
2191
2928
1184
1401
3219
884
3272
2841
1063
1277
883
2877
1196
898
2368
2974
3035
1542
2746
1237
2468
3210
1904
1037
1832
1433
3022
2366
3196
253
2672
687
1215
1554
266
2748
2
621
78
1772
1250
2128
726
188
1977
2306
2310
274
2343
722
1074
1931
1134
1749
2670
249
1649
2012
3049
2725
344
156
2094
384
2238
1611
1055
2524
1506
612
24
3106
674
64
378
2975
432
1316
2671
697
1274
2345
656
2558
1790
1762
1822
2225
3287
244
1808
2941
830
3109
933
1076
1628
139
1123
1667
1286
2667
330
2566
731
1983
2002
1905
1631
3113
2006
308
2453
2548
2561
683
1745
1677
2195
2202
766
1783
2949
708
2818
2923
449
732
2550
3102
3001
2666
447
2231
706
1356
1159
797
2082
2563
2754
1447
1737
1245
2067
2885
2929
2551
2790
324
91
2544
2086
560
1241
497
602
374
3249
3174
1709
2767
1507
505
2138
833
3160
1172
728
1402
323
474
1957
1553
2090
1675
331
1111
958
556
2127
2979
1741
3007
9
2879
167
1637
2541
711
3267
3326
1383
2512
2077
1646
1844
2222
515
2842
52
508
291
21
1721
473
2031
1421
3036
416
1334
1143
1613
2769
2313
1856
3089
500
3055
225
2169
175
1199
954
88
906
482
1411
1244
168
538
669
597
1073
1168
1496
254
2218
1543
3003
3251
949
349
90
2969
3303
2607
1744
1287
1779
3184
2669
185
832
3152
3293
613
1083
2772
2160
1796
539
3004
2288
873
1095
546
1728
2755
1572
3132
325
2425
2978
1604
1815
1048
3005
2029
1805
2072
410
1936
2982
3271
2140
1968
2367
1053
2943
2001
3276
26
792
777
380
2155
2223
1452
2042
1715
1913
743
2104
2724
618
2699
1138
1417
3206
1186
1235
2043
2733
3044
844
3193
2732
1845
2857
2543
1930
784
2619
3217
2836
694
2255
991
564
2844
647
1271
3318
1660
3075
452
3215
18
1573
1265
3019
2771
68
294
2837
1854
822
1103
2078
562
1851
1578
1857
1656
397
1771
642
1932
1498
1914
3048
2578
2240
2074
3202
1488
419
2815
1280
80
742
182
2606
2740
1886
475
2965
1446
1826
2921
3208
2214
2025
927
2950
3017
2430
2673
1102
1780
300
2450
3046
2610
412
2157
2210
2065
1425
780
540
923
809
1531
1166
637
2440
2447
1684
2557
2278
3165
1045
1842
2531
1521
2069
1132
516
3120
1478
3010
1679
2314
469
2814
2977
587
2931
763
1325
272
1970
1129
1004
1686
882
3039
2913
2391
1046
1387
762
359
1423
1303
1039
1107
176
1516
2920
1426
555
2609
3231
859
1326
1571
2734
3125
566
808
3131
774
1020
317
2646
2951
293
1077
1735
2560
2616
478
2497
893
2602
751
484
1654
1474
2292
1090
3232
2262
1225
455
1472
2005
2441
1586
2452
2612
1388
405
259
1072
1068
3148
2153
285
3216
1410
1477
11
333
1629
605
1937
2316
83
1385
2085
3288
393
226
563
782
654
1992
2910
1049
2776
676
1164
2845
2028
489
97
3282
2215
142
3273
3157
2134
829
573
2318
3153
1756
1907
3294
2034
2730
228
1918
670
519
234
2154
1813
2472
2679
3018
610
2437
3147
1829
802
2451
504
3200
425
1710
47
1370
957
1318
2203
1785
442
1220
928
2901
634
959
1170
2408
1522
265
1435
1270
339
2030
3241
1455
1380
1204
2963
531
969
2059
2817
1545
3284
1515
1442
1415
1283
1419
3012
1693
430
3047
383
1247
1797
1512
1110
62
1485
385
17
1256
2819
1200
2258
2911
1018
1272
541
1562
391
2729
2798
1094
790
729
1231
301
3146
3068
2245
552
1302
2662
2167
1924
215
2249
494
2100
1002
1946
1620
3118
2832
900
376
2611
3139
2339
2496
2132
2932
58
2327
2112
316
2608
2750
2899
1293
1210
476
487
1147
783
3218
2601
2902
641
2220
707
70
1098
3257
1027
547
542
2344
915
2315
2055
1162
178
3253
1865
319
342
738
2562
1505
36
2259
1135
1026
970
2995
1085
856
2184
752
1836
3304
2816
1678
649
921
212
1032
1691
920
638
579
1817
2207
1615
2486
2739
2713
1778
1332
2529
2301
2009
2251
1116
2721
2898
1565
1464
1416
698
32
795
87
2809
379
1939
2726
2352
983
3240
155
2350
1743
1373
1078
1375
2216
480
2787
286
2588
658
2605
3315
1400
576
1203
2309
1947
2883
2687
1581
2342
1086
869
3020
3173
1802
199
170
1601
663
913
1755
1603
841
402
2559
1867
1585
2571
2284
3182
2494
2722
1773
3226
813
1557
2114
1259
2723
1948
23
105
1579
2087
776
1395
2458
2889
761
667
2484
3138
999
2374
1406
3259
1860
2874
172
2341
1824
280
1770
2509
2954
163
2796
3233
2629
2436
2351
2762
2442
6
498
629
3162
1746
3116
2881
1253
1236
1381
986
1958
2700
356
2757
1180
522
1468
940
757
2369
3112
1179
189
2545
3000
1428
3172
753
309
1960
1081
845
2340
862
183
1650
976
1471
3002
2192
741
1205
1619
2590
245
1618
1379
901
1412
955
3170
186
1365
345
2375
1987
1874
337
3008
608
1089
2778
3144
177
1486
2471
1384
3323
3185
598
688
1429
2208
861
2470
457
2469
195
3242
174
431
659
1319
2555
2389
1953
250
2897
1638
855
2036
2779
524
3203
675
1119
2380
2320
1109
2997
2304
1514
336
1673
3189
1222
1885
1314
1246
2273
1827
273
61
1175
3129
278
1376
179
2848
2937
1066
2685
2794
275
1258
749
2660
1810
241
2895
1702
2888
3269
2652
760
561
1594
3101
1405
600
1017
3247
1706
1114
544
2946
2876
1372
3265
454
1120
834
3023
2510
100
2793
1269
261
1289
67
3190
1243
49
2159
1369
2119
2178
2770
1500
2777
1754
3168
1563
2326
3301
1320
50
279
390
1038
3297
1634
2363
599
1839
1975
2904
2393
1438
2333
3045
664
1821
2020
89
131
1526
4
1850
1173
1884
2916
2022
1403
2209
1368
2256
1908
2865
466
536
1025
98
2388
2462
1075
422
1830
1624
1550
2805
1981
2460
268
1887
1212
2511
458
1523
2984
2294
3238
2861
2467
3145
2377
2701
1530
2358
1165
1799
2323
2737
400
950
313
1360
570
2801
806
2802
1774
1707
1409
2103
2803
3191
1108
306
2938
1001
1674
2890
2099
620
1407
885
2017
2438
1448
1915
0
310
8
657
696
1577
3171
756
2173
2019
3099
1404
2268
2105
904
2480
1158
1091
491
2305
910
2385
2446
1671
1192
3204
66
2392
1699
467
1848
2371
2813
1088
1504
1263
2894
1933
2322
2372
2308
2581
2364
187
510
1070
2875
1359
2297
3227
1260
1174
2007
2353
1900
1397
1171
2697
1193
2334
891
2260
288
1528
1537
1030
1361
2079
2896
357
2373
134
2583
2148
219
2439
2053
1414
2827
1823
327
1267
1971
1560
1424
2068
3095
596
343
1689
2228
353
2376
1614
1544
2698
2908
1479
164
592
1513
611
2250
2041
781
2106
1494
290
2866
35
713
496
3094
2508
1436
1561
1600
38
961
2399
899
1254
202
1346
2158
2093
2219
3128
1445
3312
197
351
1195
880
2427
733
2142
1763
2033
2435
2444
680
557
394
2183
127
2235
1492
1647
492
2129
144
51
1427
1935
3033
2049
2718
2870
2013
12
1927
2638
2264
1292
2221
2336
595
1349
773
395
981
2649
2820
2846
361
2024
193
311
962
1605
2521
2298
263
590
1364
153
3115
1228
2592
2110
2282
543
347
569
1430
3114
3136
691
2574
936
1238
2226
2744
453
3013
366
887
1725
464
1288
258
2234
3307
2300
735
2843
704
2417
2847
1136
907
1034
2971
2934
16
1399
2577
1877
2124
616
373
2830
709
1751
479
3280
1476
1590
2506
2828
580
2735
2166
3209
2185
2429
1333
1422
1194
1351
551
772
2487
200
2362
1640
2925
2421
79
2390
3086
246
3093
161
851
2625
2961
2139
895
2122
2825
2397
681
2021
169
1161
224
1480
847
838
1786
2290
499
1657
2637
1281
2137
2073
992
693
2057
755
2404
1362
2443
1567
607
2523
1342
396
2573
1040
1777
2599
965
2927
2586
321
719
2542
1470
1012
2655
827
2538
25
527
1880
2690
238
350
48
2485
2935
2880
748
3028
2181
917
993
388
814
619
1214
2199
1301
1503
724
365
2324
435
2483
617
1818
1976
982
2868
1582
3186
2675
1189
2630
2650
2869
2488
831
966
528
1920
807
1609
2257
2719
1226
296
2405
744
1658
1541
2398
428
1828
125
875
495
1546
816
1612
2823
1811
2782
1989
2023
2254
2150
123
2076
1965
2270
243
1009
1757
1232
2121
2824
2244
2999
857
369
2826
1050
314
1533
2664
2311
1663
2151
289
2859
2165
2717
1570
2759
1357
1800
267
1622
1041
1883
1986
2277
1122
1648
2490
231
1297
1923
1980
34
42
2319
2764
1974
2665
905
1517
2206
2720
1317
1576
987
963
1483
220
2774
2253
2051
2598
1807
180
307
40
1230
1054
2416
1696
1064
1703
1593
2032
69
886
909
2926
1005
1812
1484
423
1202
1013
235
165
2967
1190
2211
414
60
1242
157
3014
1453
2331
1952
948
1296
1995
1708
1535
953
3313
433
1219
1389
1994
2286
1731
2585
1599
2640
850
468
2003
1440
14
3198
2422
1540
3150
941
213
143
2886
1299
426
2829
3061
1234
1630
2822
75
460
1697
916
2196
1996
1439
2862
1010
972
2113
1150
2224
799
2821
1859
1910
2279
549
59
2736
1290
609
2182
1956
1740
1895
2299
2518
1284
3263
2303
2783
2507
2527
1157
2786
2912
256
978
1961
775
2564
1879
346
1625
2765
1300
184
1853
1761
686
493
1181
124
1758
146
1229
985
2061
2370
2205
2528
2217
10
2116
1635
2678
585
1096
1006
443
2406
1734
206
2097
858
3141
2420
1223
1304
501
718
918
3057
1206
2387
2981
1998
2229
2433
1838
3074
5
2892
673
1901
1145
644
1080
1738
3016
370
3178
1730
2806
3054
2432
2457
3254
1021
2917
2980
988
581
2360
975
209
1305
1606
583
826
3246
1979
2838
1896
2858
132
1719
218
367
2038
2856
1804
1852
270
3199
1639
1169
282
315
2141
1463
2812
2703
2988
1713
3076
3059
281
730
2161
1951
2145
1695
3051
2795
2584
591
980
2004
1766
2317
661
2791
747
2582
1873
606
2985
2645
2168
523
796
1313
793
121
2109
1623
1539
45
1493
1814
1527
1723
2498
1
2532
2164
1458
2919
946
868
645
1337
1481
1294
2382
2516
2569
335
1188
210
3087
1153
3283
503
1875
71
95
2872
2653
3142
1124
1061
1185
1922
2526
2811
3256
82
138
1146
896
2445
2107
2960
456
1636
725
104
3078
2537
404
2900
3058
1665
355
2046
1065
1432
1747
2962
3031
158
1327
99
1016
2037
1348
208
2348
995
3311
2014
2708
3291
1456
1043
2964
1344
3024
750
3083
1156
1584
3151
824
818
939
1793
2711
1367
2285
1047
574
2459
1548
2075
409
534
1019
507
1655
2517
2271
1862
589
945
2108
1275
1876
2712
1105
271
3127
2118
3229
3325
149
2048
1801
3067
1666
3079
1051
3235
418
3088
292
3066
2903
695
2618
627
1217
1941
1347
1023
1894
700
1378
102
2536
1938
2976
3319
408
1154
852
2050
1861
1642
1720
1067
2966
1843
668
804
2056
2891
2633
837
1462
502
1627
2081
984
1750
2706
13
2691
477
3080
3040
1093
2018
1722
1007
1251
717
650
2695
1306
140
1167
971
2092
517
3097
3228
998
648
318
1140
1651
3183
767
103
2944
2998
3021
424
867
2456
779
1688
956
849
506
2501
320
1059
2636
1209
3137
1583
1587
2707
2710
1056
2504
739
997
2533
2381
768
1833
461
3308
2248
1944
2193
2101
1942
1768
646
2365
1358
3213
2893
2591
2117
2172
3300
1092
2704
3268
2849
2617
2873
2702
1759
803
2647
1197
1408
2615
20
2947
2428
2152
2170
1216
1501
2499
2834
3245
1889
1602
3237
1592
287
3192
1131
1434
2871
2768
2213
1991
2384
821
1840
979
2227
403
1997
2201
1201
535
1670
1353
737
1182
509
1559
2355
2570
1115
1963
1529
1163
1121
1742
312
381
601
2052
828
2914
1591
2379
3180
2634
892
19
914
2126
276
1457
1869
2412
1466
2864
2989
525
2080
2565
990
1676
2505
257
3063
1891
2156
815
1712
1982
389
471
1549
1538
2635
2682
635
2674
3179
712
1934
112
2642
1711
326
3134
2553
1653
703
1031
701
2833
1917
2745
2659
129
3121
3081
2987
1279
801
1616
723
1249
1597
3214
2953
262
2241
2044
2758
118
3310
1798
2332
820
2111
481
2992
2269
3309
2547
2677
341
110
74
3163
926
3306
76
1268
1569
1060
2628
1291
128
334
1028
2525
1295
2329
101
2283
3296
1469
2852
1866
1454
1371
3042
2188
1329
2083
421
2530
951
2683
2957
251
2149
2265
2716
1029
3305
2907
1148
2956
787
3154
3230
1752
109
1792
1393
2194
653
427
789
2008
3133
1888
85
3082
2614
2922
3250
1964
1127
1701
2479
106
3321
1911
553
1183
204
1714
1967
1532
2407
2133
2781
626
437
2694
1566
1520
1276
2016
1909
472
3177
198
3212
2788
2930
1508
3130
111
1972
2986
1374
2489
360
769
126
1794
890
2644
2915
