387
3005
473
2345
1506
2042
778
655
3050
777
1417
2082
1433
2306
1667
1822
1037
2600
1139
954
274
249
3052
2347
2842
3
754
1815
22
766
1262
2218
1137
1184
2500
3277
3249
546
372
1796
843
1631
1345
1844
26
1957
2482
1076
2468
2524
1553
1237
833
1431
185
1687
2288
1744
1808
2680
3105
3303
1726
244
2561
1863
1762
230
3251
266
2067
1611
3106
746
613
933
1739
222
3326
656
2949
1074
2558
1543
349
690
632
870
643
168
2746
3285
2313
2238
800
3276
2671
1186
2544
1733
1904
62
1516
2065
2497
3295
3208
1410
1562
1472
1416
2662
2646
1477
579
3215
932
2005
1090
1415
3202
1315
1087
1014
2339
1970
2085
676
1992
2771
1924
1596
1886
854
1939
745
2212
2203
1449
1937
2610
1595
3039
541
84
452
2721
371
970
1791
56
1116
678
812
2578
1735
1990
392
1531
1474
1789
2078
1293
3221
856
2739
947
991
2335
1691
3231
1220
1324
1450
2560
1654
526
18
1004
1678
376
634
922
3139
1072
1829
1488
2214
1753
2918
1921
2451
3273
1310
1385
1135
809
1049
721
819
2832
811
1914
1033
1077
3165
540
3159
582
1318
176
3147
1272
194
86
670
1239
638
205
567
855
100
3227
2250
1773
866
277
565
575
2467
189
2571
1618
2374
904
1671
3144
448
785
1621
136
1133
1867
457
741
2996
2623
885
1680
38
2581
2350
1158
463
217
2105
2399
2938
1947
2410
3173
2509
327
407
2351
1099
260
2883
61
1774
2192
1830
155
1495
1213
1500
935
561
1689
1429
2377
699
675
2413
1222
1513
2510
1330
1929
3297
219
2741
1561
1966
1412
1436
2654
174
2369
268
3233
2173
2494
2403
496
261
1594
910
3062
871
2946
1948
2629
759
682
530
658
3185
1579
400
571
2777
2302
3170
67
1975
250
1624
2515
1036
278
3302
1659
1091
2041
1346
1413
2020
1673
2554
667
3315
2260
696
3158
49
3037
459
1823
1030
1319
2805
2341
1155
345
1407
2555
2068
1600
1899
14
987
1351
2828
878
2097
2640
2735
2538
53
2270
850
794
243
2597
2797
1767
2626
137
2728
1299
1194
908
1617
917
1517
3098
2239
1952
435
1389
2422
314
617
1257
246
3030
677
2244
1980
2542
162
2113
1878
936
1264
1357
2060
2324
267
1923
1644
1470
1242
1013
311
1476
1118
2598
2744
2421
2991
1483
1950
847
2013
1760
978
1440
2051
146
1157
2397
1443
2443
2690
29
2843
75
1054
69
2775
1605
1430
2925
1541
549
2011
1567
807
772
2021
2211
231
2298
1161
1342
912
1576
2784
1648
1009
1040
423
1398
2406
1994
180
2142
929
1697
468
2061
2390
1238
2774
520
451
3100
2825
680
2303
127
916
993
123
256
417
16
528
141
3316
1301
3261
1121
1061
2461
1007
1894
2919
1347
2395
648
1837
1367
2849
2960
3142
1501
1463
367
1602
767
1350
2838
1843
1651
65
1896
3325
1979
2595
730
2615
208
3320
99
3016
1056
1742
1481
1458
216
2164
2906
918
2891
503
2272
121
1942
281
1534
3268
1104
725
71
1131
3291
2892
2018
804
221
651
902
1736
826
45
2135
2445
218
1897
1941
210
1889
3076
824
358
3151
2584
737
692
979
1840
1209
975
2193
2081
2056
2170
1035
3080
2517
589
1304
572
3066
2533
644
2900
3040
2317
939
2117
1482
2854
2653
1313
1814
2457
1627
3178
2976
2424
1206
20
1748
2691
2428
3083
2800
3180
1454
204
3134
2188
129
116
1698
635
118
703
1148
2930
113
160
1835
1967
2329
375
2863
951
2644
3321
2922
1653
3123
934
1391
2525
262
1792
701
2694
2956
2280
3306
1798
892
450
2674
2628
399
1846
1393
2758
653
85
2613
2265
820
3063
1508
3032
1613
2607
2195
977
33
1554
2818
2748
253
2975
2127
1168
2928
2
1509
505
508
2225
2857
2367
3044
2724
91
2667
1111
3193
1905
3272
743
710
2169
291
2772
1073
2767
1542
1286
3007
3298
3188
73
3160
2773
1316
942
3195
2841
1151
3271
2259
1716
1103
3282
2643
825
2157
2608
923
2463
2249
3232
379
1478
383
2845
3252
3166
2069
1335
2472
2167
562
3119
974
504
2009
2995
2448
1475
1166
3294
3117
2059
3026
795
1700
1851
1326
159
1512
798
1390
1679
2346
469
879
920
3217
2763
2066
2837
3314
2816
1325
1868
3216
563
1110
2294
1165
2651
1359
2079
2540
1827
131
2796
2419
264
881
1395
625
192
2358
2232
2848
1603
1799
2881
536
77
3322
1109
1001
889
522
1409
2392
466
195
15
1178
3204
2876
2590
1494
2897
2889
2284
1850
148
1601
2723
179
467
187
1070
2062
2787
2813
3324
89
3312
199
1369
1971
757
2148
2460
362
2867
1424
1298
2144
413
1887
2389
3226
1703
609
2487
2257
2129
3028
931
1208
2715
2444
395
835
1362
831
1757
595
693
2485
981
2822
2483
1965
1296
453
2290
1219
2166
1503
2230
303
3313
2719
1898
557
2147
2091
1777
3150
3086
1961
839
814
2880
875
2574
1480
2426
2279
2824
1643
1511
1071
125
2023
1812
1708
816
1386
2655
1533
3136
773
2151
1234
1281
1540
315
1282
2289
81
919
836
2035
82
248
3183
1720
1
1547
2459
2519
104
2645
2966
2944
868
717
2695
1695
645
2985
2587
2176
3090
2914
1692
2050
2955
1623
3059
517
102
3097
2248
1766
2572
2360
1065
1059
158
1722
1527
1670
2382
1019
348
896
2187
287
1518
1548
3236
3254
501
3054
427
3181
2781
1268
758
1984
3310
2852
1712
3176
2677
3309
2620
1909
1276
3042
389
3161
1676
360
1964
257
421
1982
2412
2807
810
1969
2090
416
1421
175
1084
3206
21
1845
2549
666
3006
2072
2923
689
1589
3194
2974
3089
2366
2267
2492
1790
2567
2143
2086
1244
1215
578
3064
2243
54
1737
1784
1954
1646
3196
1913
1383
1906
1245
1172
1637
3001
1568
2006
139
1159
3022
2940
1856
1101
2094
1487
64
3056
1694
2948
374
1218
3036
511
352
1048
2943
2982
188
2670
3053
1134
1572
2155
2071
447
1588
2790
3174
2603
37
52
1930
903
2343
1709
338
1936
324
2761
2725
9
2619
368
1721
2223
1083
156
1250
873
2138
3219
3108
1604
687
2222
3049
2692
2983
1143
331
3201
2010
1452
1903
1401
621
906
3109
2368
2180
846
1729
883
2879
3103
3113
1849
1832
1095
2310
2002
2191
728
44
2043
2755
1782
2231
232
2001
3184
832
497
2104
2128
958
797
167
538
2939
190
943
474
2378
602
697
3003
938
2579
323
2733
722
1447
3084
1334
2672
330
2027
1053
2541
325
1141
3220
949
2686
1769
410
3004
3205
1809
2732
252
305
3069
2202
1138
2548
669
2769
3015
3278
685
378
2550
254
1779
1892
3210
556
1308
500
539
1675
2566
2551
711
3152
2029
1677
3140
2979
1993
844
2400
93
1749
2693
1274
784
706
3055
3264
1983
618
2476
191
3287
1199
2929
2096
88
2808
308
90
792
1741
1241
2084
623
674
3110
1363
2978
1392
2140
1847
1661
1772
227
1858
612
1649
1745
2031
2563
3267
1055
597
2568
24
3104
2425
3155
2754
2958
2969
1715
1931
683
2274
714
1489
1496
2941
1855
1277
1287
3225
2885
1063
2727
1191
380
2543
2699
1235
726
2197
554
1632
2171
952
3286
1123
884
1610
3011
3107
1881
2095
2077
1402
1652
1783
2453
732
1805
515
63
449
384
1196
2160
354
225
3156
214
830
1491
2058
1356
1411
1977
2669
2012
3132
3035
765
2747
731
236
3293
1441
2186
1628
2909
344
1968
3102
2512
1507
432
1820
1524
708
482
3248
1728
2877
560
78
898
1227
3289
1125
702
2666
1788
3060
1836
2835
911
494
1565
1107
68
2689
2391
2945
1826
1932
1685
2921
1278
2266
1573
2798
1464
707
1465
1026
742
1771
1283
519
203
2730
893
1387
2275
393
92
2496
96
2074
2312
2450
547
1085
2246
774
2112
1756
3118
465
2240
3284
283
3153
694
300
475
178
1045
1521
860
2245
3223
859
58
1865
2752
1307
698
2430
1727
729
615
212
226
1442
28
1418
2486
3146
1686
301
2776
584
2910
2529
259
2631
763
2844
397
573
637
2314
2932
2132
1435
1505
1132
3047
36
2606
2901
130
2601
2950
2452
228
2657
900
808
333
1162
542
531
429
3068
2278
1098
2344
2656
265
11
1870
2951
2673
771
1032
3218
2262
442
2993
1999
272
2337
487
411
319
642
2836
3046
1322
171
865
762
476
3211
17
3029
752
1380
1656
2726
2809
957
882
1437
425
2447
3318
1204
1129
545
1985
285
2184
182
405
1225
2327
647
2898
2920
2815
1684
3120
2030
1522
3200
1027
478
1817
304
2740
2750
1231
1813
342
2054
2252
2965
47
2513
1247
2100
751
1571
2153
391
215
652
2207
654
2819
3288
641
587
790
2449
2562
1311
3010
1082
2261
97
1693
1323
2440
2464
3148
1332
1455
1842
1256
927
1000
2616
550
3077
2163
32
829
1102
2251
1419
70
2814
234
3299
610
2295
83
1370
2973
2681
2215
3244
1765
3048
1164
1620
1945
782
1446
1946
412
1785
80
1302
3131
738
1907
3019
2913
2931
430
339
2729
1221
915
133
1210
2154
2734
736
284
783
1536
2441
1271
605
2189
1586
3257
1545
294
1200
780
2179
566
2810
2255
1890
455
3317
87
1233
293
2602
2315
441
2316
3012
2899
3304
1780
959
2292
1854
484
1926
2911
1615
2817
944
1068
2902
1629
359
2411
2318
649
2679
2977
1988
1423
3075
2055
1660
1046
3157
2177
564
1388
1426
385
1303
2612
3009
419
316
516
822
173
1710
2495
2220
2301
1578
2531
2134
552
1039
1949
2258
3017
3253
1094
1052
1857
2408
969
2383
1265
1113
1170
1683
1645
2296
921
440
2025
142
2609
1525
489
1147
1280
1498
989
2120
2034
2611
2731
1002
1919
2028
1515
1309
485
2210
555
1485
928
3241
2557
1270
3125
1778
1797
1425
3065
332
1018
462
1918
853
2514
1354
924
2963
1020
2713
740
3018
802
2437
2661
317
624
2219
3020
1414
1328
1560
2352
1382
2458
983
2304
2801
1180
1973
1203
2959
1372
608
1544
1523
1912
2697
3242
233
568
390
2545
1471
2297
3270
2326
1174
3172
2119
2896
2905
1514
3094
1236
2386
592
3187
1044
3247
2722
2007
3002
2022
2106
491
791
2273
1314
498
480
1119
1915
2322
3239
1404
2334
2904
2409
1289
2036
1331
1240
1261
170
1017
2174
2216
1537
2737
1285
2793
781
1638
2685
636
764
50
1062
603
1320
961
786
1884
1078
1743
877
2916
2099
1106
2321
2268
761
1882
1510
1355
337
2908
2093
3164
840
1707
1108
1460
2380
913
196
749
1530
3111
1555
401
1864
3240
454
3095
2325
98
3169
2431
1100
1802
163
2539
356
1254
756
1403
1519
1081
753
135
1171
1490
2114
1608
1365
309
2357
845
2660
2535
386
2804
223
806
2799
420
2878
570
2323
2371
336
2778
1770
1075
2228
834
241
3190
1806
2442
120
2794
1438
2803
288
1368
713
2865
1263
2434
1810
3071
2394
343
1787
1619
976
688
2559
1486
3008
2471
353
1193
1958
2652
2894
760
3224
3023
2484
2465
2364
986
1953
1528
663
2438
3025
1066
1459
1114
2583
3260
2375
3128
3124
940
1366
1361
2372
2866
1373
1819
874
2354
2469
280
2308
1173
66
134
1187
1746
2178
2874
1717
313
273
2376
671
35
524
1420
3122
544
3045
3301
164
1824
1267
776
2827
2937
1384
8
2439
1448
2102
2087
1360
488
901
3269
1192
2997
2508
3182
2342
1175
39
2393
310
1674
2552
1908
1120
2684
1258
2237
2700
657
2588
512
202
2017
1634
275
2605
483
2446
3099
2696
172
2305
1526
1705
1259
2888
2359
1933
1585
1149
1405
1504
3265
2576
861
1269
2373
2053
1928
1669
2688
3145
245
402
186
105
290
2388
1212
1755
1900
628
1211
1468
1754
306
2802
183
1702
2436
1025
2333
2208
3275
2994
2159
2276
2019
2385
1042
166
950
1377
382
2757
2320
1253
3259
964
357
1205
2103
1633
2895
664
255
841
3189
1428
1563
2936
2760
2780
458
431
1089
3203
620
3116
2687
1581
1088
1848
2480
1960
2701
2158
279
4
1086
3238
3000
3162
2738
611
6
3255
1664
2770
2890
2470
1079
1981
2861
1916
2233
3092
2511
1550
3168
2762
2698
2984
1699
1479
3129
2291
2779
869
2256
1406
2462
1381
955
596
2749
2477
899
1375
0
593
600
3222
1379
1650
1776
1577
1058
3038
973
1246
2340
2580
1038
1781
3323
177
891
659
1885
422
999
598
3191
1839
665
2924
1179
1874
876
2123
3112
599
1397
862
2455
3138
2624
3258
2766
1376
1672
94
2363
629
1860
864
3171
23
1400
1243
3167
286
1987
2353
2309
1557
2209
2015
1614
2954
813
510
2743
1445
2875
576
1706
1940
3101
1260
716
1821
242
3281
2277
953
124
2847
887
2401
25
3115
34
1831
2415
3061
3263
2502
2786
1962
963
2596
1096
1786
1996
238
2961
2032
2226
2124
662
2319
1725
2625
1927
2534
396
2110
2935
630
838
2573
200
229
2830
880
2490
2435
2785
2649
681
1290
2882
543
12
2622
2764
436
258
406
1590
2049
2199
1499
1681
2934
1558
607
2820
619
872
2217
444
907
1181
414
2527
3013
373
1663
1546
2518
1734
2064
2162
799
1232
559
2869
1828
3280
3070
2196
366
2073
894
551
2115
340
3262
897
1763
1580
1439
1229
2664
2370
2967
2235
1877
2139
2033
2520
2418
585
1816
2887
3114
1803
996
569
968
633
1189
1807
48
2045
966
2594
2783
2116
1012
3149
1288
2417
3027
2146
2405
1570
1128
31
184
2665
640
1630
302
705
857
1811
307
1989
2759
1641
1593
197
446
2047
79
263
1343
937
2416
1607
2507
299
2792
1008
2585
2396
2183
1349
2311
2429
351
1920
361
1956
1226
2999
1364
2488
122
2952
1935
2846
2204
948
886
2253
295
1800
2281
460
2307
1015
527
1252
3198
1853
965
2205
2165
1599
144
346
1834
2971
2475
2586
3141
2427
1112
2181
1399
532
733
1453
2362
2912
580
1497
770
350
363
2839
1668
1005
2599
2242
1986
1122
684
181
2521
1657
492
994
1126
2765
2481
2926
3073
1658
755
2473
2404
982
1333
220
394
493
147
2361
152
1484
2862
972
1731
2564
1879
2254
1818
1317
2070
169
851
1724
1130
941
377
40
2474
157
1895
3209
3043
1910
1214
2782
2523
51
1640
369
631
2121
433
992
2639
2506
1292
2678
748
1535
529
3014
2637
3186
2823
1751
2206
499
2868
154
2718
2182
2821
321
590
1761
1300
193
235
1336
2282
2886
2398
521
1034
1825
1284
2575
3093
2829
1976
2200
2299
2522
622
2328
1117
1427
2286
548
1057
2063
724
616
2720
3290
365
30
495
3175
2663
962
161
1312
426
2150
577
2300
2420
2293
691
1635
2356
2528
1273
42
3034
3307
1696
2859
1995
2675
60
1859
1010
2641
1297
1880
2714
704
1492
1230
1198
775
2336
1883
2630
744
153
298
2577
2826
2466
1943
2137
2185
2650
2247
3033
59
2221
2860
719
2122
2264
322
165
347
1974
2668
1064
3266
1582
1612
2717
930
2870
479
1228
2676
735
1195
2331
443
213
1622
1422
2927
2125
1202
2057
2076
909
1006
905
895
464
1050
2853
1190
2024
686
2234
2621
224
2592
1024
2968
27
2736
439
858
1041
1150
2638
296
206
10
1248
586
388
428
1740
1647
1625
2003
2224
1609
434
1136
985
1176
709
827
967
289
1758
143
1051
3197
415
2546
3072
2387
1768
2632
1493
1169
2379
445
103
695
2633
1833
1167
2118
2873
1146
537
2201
750
1327
2536
2526
2075
779
271
3234
997
1738
1163
3067
2850
2046
41
946
1144
2213
1344
535
1665
650
3021
718
132
2618
803
2709
3213
2101
558
852
1804
3245
381
2636
1177
1639
1861
3279
2711
1156
3058
1093
2998
2617
2569
2537
3041
2349
818
1275
2834
2004
1626
1690
3237
240
2271
1432
211
2840
2856
2812
1925
1872
269
788
2172
2478
2593
2705
995
239
821
2432
502
2933
1730
509
2516
138
828
2026
1201
2131
518
2532
2884
1224
2591
1341
1434
1140
1938
486
1255
418
2582
3051
715
207
1197
2402
2130
2175
328
1216
2037
1750
1873
2038
849
438
2806
1394
2285
1092
1688
1732
1152
984
1023
355
1182
3074
1067
720
5
1097
1080
700
490
2136
1185
2893
1021
320
2433
3024
661
95
209
980
2589
1529
1951
1306
2109
3308
1337
3057
2768
646
335
2048
43
1606
513
1902
3283
1105
3229
533
668
3137
2707
842
2647
2648
523
574
2414
747
408
2872
1875
370
2014
2962
3126
1251
1963
1682
2702
837
2703
594
1655
2152
1396
971
988
1358
1852
1598
72
3243
1998
1955
2964
2039
46
1348
1145
1838
1461
1636
2168
1759
2498
2330
13
318
1575
1775
1584
424
583
2988
2710
2365
270
1047
793
3079
145
3087
1592
57
581
627
1666
2972
477
2355
3319
3127
2236
2107
1124
237
2981
1451
960
1871
2712
1378
2456
2227
606
1462
1922
2917
601
734
3078
1862
2504
2942
1011
2708
1991
398
403
456
404
614
2381
956
364
2000
297
2704
149
2751
768
312
514
282
1556
1713
2052
2795
1944
2570
3300
1022
1353
3246
604
1444
1801
867
2423
3256
3096
1321
1003
1294
2089
739
1043
292
151
823
3031
2791
2108
3192
2831
1223
1793
1876
1408
2903
1583
2348
55
2706
2198
1559
2092
1154
506
1456
507
998
1160
140
3199
2384
3228
1016
2161
1502
1552
3143
1662
2501
1997
1352
461
1901
3311
1642
3091
329
1188
2499
2141
2871
2229
3207
588
1115
1539
1305
1587
150
1266
1473
1153
673
945
1723
2970
2742
1207
2980
925
2947
591
1719
1338
534
2811
2145
1217
2493
409
796
3235
3088
1718
1764
1747
2040
660
1591
2858
2614
114
787
1893
2851
626
2241
3250
247
2565
108
109
1520
863
1291
1457
1869
1911
2503
1978
1704
481
2788
2635
2915
2530
1031
2659
1701
1752
3230
3274
1794
1028
817
815
119
1249
1917
3214
1959
3081
2098
1972
1127
1295
2756
3292
3085
2745
3154
848
1866
1711
2907
1371
1279
2133
3212
198
2753
2627
3133
201
2263
805
1060
2833
2111
1551
1564
276
2149
525
2553
2491
2008
341
2986
712
111
672
639
2083
1469
2556
2126
769
2716
1566
126
1467
1466
1891
2080
3177
553
2855
2044
3305
3135
2953
3163
2194
2957
19
3121
2683
2864
472
3296
2269
128
1029
2332
2987
106
101
471
1142
2658
1374
727
1888
7
926
1597
1339
2992
2016
2547
3082
115
1183
1569
2338
1538
1795
3179
2990
789
117
1532
2642
801
2454
1329
679
2989
470
2789
2407
1841
888
1069
334
251
2088
2479
1934
2287
1574
1714
990
1616
2156
2604
723
1549
76
2505
326
110
112
2634
890
437
2190
2489
1340
3130
914
74
2682
107
2283
