2561
906
1613
2288
1287
93
2238
3220
1134
3289
669
3044
236
2969
1993
1277
2084
3206
1542
2090
2563
291
1604
505
156
1076
3285
1772
3001
2603
1363
368
2755
1858
833
2772
1543
3003
2202
1749
508
1845
2808
556
656
655
344
2579
690
1809
3225
9
2974
252
1487
2368
21
1055
78
354
746
352
728
832
2857
706
1815
1694
2983
754
63
2104
222
3052
3103
2879
3248
2979
2345
708
3104
1037
2306
2544
3271
1847
2670
632
3156
1417
515
1906
2746
3184
308
3022
621
1968
1218
830
623
478
17
1836
1620
1390
678
1813
62
1272
808
795
771
1309
3012
332
1472
489
3147
376
1578
1700
425
178
2055
2578
1135
1132
301
2447
2251
1310
927
1166
1437
80
2316
293
1388
541
1311
1710
1939
2184
707
283
2817
2154
2612
2220
2301
2177
2025
96
1498
440
159
1464
3166
642
2335
882
70
2408
1256
371
3231
393
484
1220
2898
2207
411
991
2763
2448
2153
3148
2278
1654
32
923
1326
634
853
284
1485
1857
762
2258
1946
212
822
567
1332
1318
3317
1113
1204
2965
430
547
1164
2616
3026
2292
2266
1307
587
2631
234
3017
3299
2689
552
2798
419
1684
2837
915
2273
2780
98
275
530
940
1030
2684
3138
2701
1044
2438
310
1523
1420
2431
94
2410
199
1513
761
2256
1614
2304
2375
2697
1953
2471
1947
3189
177
1365
261
2580
3265
1500
2555
904
422
1260
1550
2388
1070
1222
2354
39
935
2540
170
570
3000
1429
1379
1619
278
2867
1384
2380
2377
1973
1179
496
457
2996
881
2386
1912
1633
575
1036
716
2467
1424
2260
390
2436
1827
2895
2687
0
2357
1702
2099
3172
576
955
3002
134
1187
1173
23
2350
1212
2276
356
1062
420
2590
1867
2119
1174
382
2419
1397
1823
2916
2848
286
759
2749
2233
3227
3312
2323
2219
1664
2413
2583
1680
255
2394
1377
664
2743
402
2805
488
3259
4
524
1929
100
3169
3324
1557
2802
1755
3203
353
1106
229
434
1725
2113
1878
1540
2073
1010
1439
2797
2822
27
2121
1761
2967
693
2181
1883
2784
307
220
2396
1927
773
1996
2254
2630
1853
1242
1786
1740
1859
1440
1181
886
968
2575
42
1570
451
2013
2597
2640
3043
365
1812
662
2003
3013
2064
2999
551
444
1647
1535
2122
1644
1252
147
586
1157
2774
2649
1533
2625
213
1492
16
3281
772
1663
2744
2279
1952
2481
200
258
2257
125
263
2935
2435
529
543
2862
2057
987
1818
2405
256
1546
2397
559
1292
1351
2868
1238
1703
2523
2045
1480
2490
394
2483
1257
2417
1230
1974
206
1290
2319
2475
1658
907
31
2678
527
1668
1708
2247
878
1825
361
322
3307
1057
1054
1198
2485
680
992
2206
295
2617
975
2092
849
644
45
2709
1862
1518
1897
287
2152
1458
3283
149
3199
271
1144
2966
2516
2702
2402
211
2838
3237
2432
1665
2445
3090
1766
381
2710
660
1224
1556
1666
404
2906
2130
2168
2615
1539
1720
1642
779
2365
2170
208
824
2330
2414
804
594
2900
945
328
1591
2811
1861
3254
2872
2038
3213
1473
506
517
1719
2856
668
601
2985
103
946
2964
646
3078
2037
1463
2056
2587
2570
2227
1061
1502
583
132
3261
2501
1003
1021
2706
210
3142
1327
1266
3040
1902
828
3279
2493
2834
1121
1894
1313
1587
2584
1837
1462
2109
1938
513
1997
2595
645
581
852
2691
2349
2789
2479
1391
3130
1835
1866
106
888
3180
19
1520
2194
2126
334
2758
758
817
1508
1795
1934
110
2989
201
118
2283
820
3134
1794
3214
2329
1712
2628
1183
635
1060
1792
2505
1339
1982
128
247
1028
2851
2604
74
437
3181
481
1340
769
3082
3123
232
3032
1237
1779
338
1452
1489
380
266
2191
2543
1721
331
2669
2693
2767
3015
2313
938
942
1235
884
1863
2940
2958
2095
214
3004
1737
3
952
3287
2002
1507
597
743
2067
3195
1184
903
325
1588
2929
3132
602
1095
253
2343
2031
1138
285
1854
3253
2819
1335
1685
1921
2437
1107
2814
1789
2275
259
397
1385
740
3131
2472
1756
28
1842
751
3273
3202
798
763
1072
745
1686
1210
3294
3241
582
1426
385
1525
2134
2993
1817
2028
1596
3039
1271
2729
1918
2065
1046
1870
1200
2337
3295
2809
3075
1415
2496
2100
829
3118
58
2511
2372
1577
336
874
2174
2654
192
1754
1830
2509
950
1966
869
2403
3242
840
544
2793
2114
202
593
834
999
2363
1471
1864
1490
2994
1001
61
2777
1075
2510
512
2439
1372
3168
876
1376
2480
1563
2062
2399
2470
1885
2376
2297
327
189
136
2105
2760
345
596
2325
2392
2874
2209
813
343
196
2937
1669
2796
3129
1079
3167
1915
1560
2564
794
2641
243
143
395
1122
1386
235
972
2293
1497
181
981
436
775
1625
137
2124
1064
1296
2418
1811
1696
528
982
122
994
858
814
985
1734
2165
1130
495
948
577
2205
3028
162
887
2839
2299
302
2502
1476
897
1034
1976
1567
1470
521
3098
460
2129
1609
1605
1190
2032
2217
1757
2076
2137
2415
595
439
1197
2618
3083
1092
918
2647
730
589
43
1833
1047
3067
2546
2039
836
768
1019
2711
1548
2849
695
348
3066
2187
2075
1655
1695
1742
591
3246
3024
842
2519
661
1944
1408
3320
1093
2248
2972
574
1444
1185
424
2107
158
572
2648
868
82
1584
2498
3126
1367
477
2499
207
1306
2981
470
3250
3133
2565
389
723
2412
360
2489
789
2287
3296
276
951
934
1551
2807
1917
257
1616
1711
1891
2674
1909
2263
2788
2982
1631
689
416
64
2243
191
846
2128
2468
88
1931
3140
3110
578
2012
2948
2006
1667
1646
3188
1491
1168
2541
1855
168
2476
2027
3152
1073
1977
1441
474
2186
2524
1509
800
1709
3205
1628
2071
2943
778
2367
1141
3007
2029
1739
883
3089
2733
560
244
3174
2790
977
3264
1822
2425
167
1186
3102
1101
1262
710
1783
2949
714
538
1245
1832
3201
33
1111
374
1745
1782
1402
3276
482
52
73
2160
1125
797
432
3011
175
1084
2699
2724
1744
784
500
1151
2671
139
2143
1820
2748
3069
447
1905
2218
511
90
2453
618
2769
2274
3050
1506
2754
2267
37
2197
1675
2086
2732
2042
3006
3155
844
2169
2978
933
539
254
1726
305
1053
3249
1433
3107
792
1769
2672
2909
249
44
1632
1729
1191
1762
2155
3286
2600
1610
190
3005
1524
1856
949
473
2550
1805
26
1199
3219
1496
2666
1637
2310
810
3056
372
697
1345
2567
2347
378
22
1123
2818
387
2072
1250
554
3194
3084
24
1172
1611
2222
2231
497
1411
2607
2686
2171
230
2841
3267
225
1063
3277
873
1687
2482
722
2877
2551
954
2558
1796
3055
732
1677
3210
1903
1572
2761
1334
2928
612
1159
1715
674
870
1983
898
2010
685
1383
1401
1649
843
1554
2842
711
2058
3113
330
2096
185
2773
2619
666
687
323
3109
2225
2667
1215
1568
3160
1392
3293
1652
1784
1881
1954
2492
449
2692
3326
1969
3106
1913
1930
2747
1936
2195
1844
1356
324
2568
2512
227
54
1553
1661
1196
1431
1083
2549
3064
1074
702
384
349
2725
1728
2680
1589
1274
3105
3272
2180
943
643
726
2077
765
2400
1892
3053
1137
2975
2500
188
1048
1957
731
2001
1733
2939
3298
2094
1308
1790
1227
683
91
3193
2941
2548
766
1244
1139
2
1447
1241
1741
3108
2923
2127
2378
1808
2082
3036
1143
2727
2366
1849
3196
1316
2566
3303
1286
2140
3251
613
410
1904
2138
2223
274
3278
958
3049
777
2885
2043
3035
546
1421
3125
802
391
2344
555
2034
1270
1039
379
2995
2931
2610
494
584
18
3157
1410
1914
1247
2203
1595
1239
1475
2739
1103
1370
647
3314
1865
809
694
1826
859
3318
542
2776
2657
2451
516
2391
1323
3221
2346
641
412
790
2771
526
1785
1505
194
1423
1068
970
2246
1322
304
2913
3048
2945
1562
2646
228
2327
1000
452
3047
2132
47
2339
3208
1999
1102
1446
1932
465
2606
969
957
2721
2210
1788
1679
86
812
637
1110
811
1020
1027
2673
142
2920
1886
1851
3232
920
911
2255
97
1004
1278
1233
670
130
1416
854
928
342
2977
1002
317
2557
2212
774
893
2085
2661
2059
3223
1829
2531
205
2486
1683
1231
469
3120
2656
1797
1324
1512
2411
605
944
2450
2899
752
2262
383
825
2662
2602
1988
2240
2314
1735
1221
1691
3200
441
176
316
1990
2030
2921
3282
1303
1474
1615
1170
3304
1147
2911
476
1516
698
2608
1992
624
1753
989
1565
2120
1283
3010
2713
2726
1098
1018
519
638
36
1693
2163
2734
1919
900
133
819
562
1716
2562
2452
2214
2179
783
1014
2112
1656
3252
2731
1302
392
564
442
959
1488
87
2816
1129
2750
3068
2069
3117
738
2449
2259
300
932
922
1032
1052
2730
1325
226
1418
462
3284
860
1522
3215
359
742
2836
3146
540
545
1778
1926
2074
2463
475
2513
1450
1937
550
1087
215
1780
11
84
2078
563
947
3119
1449
1536
2810
3288
3218
405
2835
924
2601
2189
2430
3060
1419
2464
485
1945
654
265
615
1455
676
2495
3165
333
2295
3211
721
1435
780
879
2844
1478
1521
2609
1425
3159
1791
1765
2679
921
2815
2529
1026
3046
1907
1678
1116
319
2009
2249
2910
729
1049
649
2902
974
573
579
294
1094
2261
3018
1727
487
3029
1387
736
1280
1573
1315
92
3065
1077
2245
2054
2932
1949
3019
3077
1090
173
1515
3216
652
56
3139
2167
3009
1442
1545
182
2681
1660
2296
865
2643
504
68
171
2318
2950
3244
1571
2832
1293
2973
1924
2157
2918
1045
2901
2611
1265
1477
2005
1225
2315
2560
429
1380
3217
1771
2963
1985
1970
1033
1162
1465
455
1868
2845
2066
2740
2252
272
2752
1082
339
531
1629
1085
2440
1354
2497
2215
1890
1645
2383
3257
1586
610
2312
856
3153
2441
2514
203
1531
2951
83
782
566
3038
2688
277
77
675
2762
1537
3116
337
2651
760
1987
2373
2890
1428
2228
522
2020
2629
2554
3025
1448
3122
1261
1618
1544
413
135
1674
1414
608
1025
2535
2984
1413
280
986
2178
2087
407
2079
1108
1468
3187
2340
741
2216
2924
3302
1263
1659
2866
2385
3238
2559
592
3045
2876
2434
2827
1514
2359
565
667
620
273
1445
1887
1672
1259
757
1774
1824
2308
1495
2581
598
2576
2787
2144
1089
3144
3255
2778
3301
6
1504
2908
2894
3247
2741
155
1100
2321
866
1705
1707
2539
288
3204
1594
561
1526
2605
1381
186
1091
1213
164
2305
187
3182
2333
1088
2173
1114
1850
2875
2374
1928
3240
2442
2352
1407
2997
2571
1581
913
1236
964
2093
1328
1359
2757
855
3099
2515
309
1494
2469
1948
1933
2484
448
2015
2905
2722
1671
791
1848
2053
1460
1192
1603
1403
2291
899
877
603
1360
2938
1528
3112
2770
1971
3062
1155
3164
1081
268
2462
35
1149
2545
362
3315
2477
3224
1285
1975
1066
2103
1346
2208
3269
3322
313
2393
217
466
2022
2302
599
3226
2946
2897
2954
2371
1981
2358
1289
961
1382
306
1240
279
1874
862
1486
1585
1368
2685
1806
2723
2268
1940
2284
66
3158
2552
2159
2738
2322
2888
682
1109
459
2041
1810
260
1601
1787
3092
1579
2813
498
786
148
2660
2007
1319
2460
1479
1193
1330
2017
785
3260
1406
1038
2369
250
1078
3270
3023
3071
357
2446
3094
131
2389
1267
3233
1689
1519
510
625
3222
2804
1400
3170
2309
1178
2624
628
753
864
1899
172
480
2698
1960
2123
861
183
3145
1699
3275
1510
1119
89
1412
1717
665
1165
841
2959
663
1781
1802
2878
600
2326
1246
3124
264
2351
2294
50
1175
2334
49
233
629
636
2623
657
2494
463
845
2353
1608
2237
1253
568
764
2102
2455
806
1773
245
1254
3185
1405
1211
3008
1375
400
166
2889
1624
2766
1436
2588
659
2696
1243
2652
3101
1650
3037
3239
2158
2508
2068
696
105
2700
2465
1438
454
2779
1916
483
1017
1099
3128
2865
1203
431
1600
67
3171
3111
290
983
871
1395
1530
1561
1320
38
3297
1819
3020
491
2019
3173
658
3191
571
458
2861
1746
1459
1882
3095
1409
2341
1776
776
885
3258
3190
174
2250
241
2036
1743
1086
1770
1355
973
15
2881
891
1884
2794
1555
756
2904
1298
2148
910
1205
1634
1673
2106
2883
1158
1366
611
671
1331
1042
901
781
1958
1133
386
2896
401
1180
2803
1258
2232
2458
1799
2799
1171
1638
179
1621
889
195
1900
699
2737
1120
976
749
1404
1369
1361
536
3162
2342
223
1908
2320
163
3323
219
2801
2409
467
2936
2192
1058
1314
8
120
1821
1860
713
1269
1373
1839
2364
688
1706
681
1760
2968
299
1816
2585
2596
1879
1364
2196
1161
3030
2765
2147
2162
3290
1229
2934
2398
144
3070
2886
2764
2991
962
1593
851
2690
585
2927
557
2676
2270
930
2401
993
2527
839
2522
1430
296
2146
1898
340
936
1228
3316
616
289
1920
1136
705
492
396
2185
548
909
351
2843
2824
426
2820
1910
417
2598
622
184
2961
2521
146
917
850
493
2466
1763
1234
2759
1232
2336
1422
1483
2011
161
242
929
53
2783
48
2534
2361
2786
3114
1800
246
1582
2282
2307
1590
373
967
2853
2823
1333
1096
3100
1617
677
640
2429
2829
1126
937
1580
2577
1807
1635
965
691
3280
2665
1558
1349
3262
152
2621
2775
2110
1040
912
2125
2070
2785
69
2404
1288
2718
314
941
1767
51
1484
2507
479
433
2650
1195
180
2023
807
1828
744
2356
3033
1299
2298
532
2869
2925
1994
14
2406
2573
34
2063
153
633
1015
1961
468
1343
423
141
2049
2277
2542
2971
1731
1398
3209
1995
709
3313
298
2420
1986
3093
3073
1117
2097
2166
1336
2182
414
3014
124
816
2828
2116
30
2060
2474
321
2426
1427
2952
2528
2736
1176
127
996
1541
2520
2199
2224
1834
154
2782
2717
2830
2826
1980
3175
443
963
1923
1777
1453
3198
1956
2443
2639
347
224
1643
857
267
1640
2139
872
1013
2331
1008
631
1576
2264
2444
1697
1189
369
2488
549
735
1511
770
1989
2370
406
2303
1050
303
2242
2638
60
231
2221
1005
799
2230
2859
197
1150
1943
704
165
1301
2719
1517
3136
2150
238
346
499
2286
966
1880
835
2926
363
1248
1317
1273
875
59
520
1071
684
2047
2281
1681
1112
3186
724
1024
1202
2846
2506
2860
1009
388
2715
1622
2235
2637
2211
617
1118
2183
953
1950
2882
569
686
2427
2239
2668
1803
2234
3115
630
2033
895
880
1128
2586
350
1362
1503
2421
1041
3149
2821
719
40
1965
2792
464
1962
2142
2311
1935
311
580
3027
1499
1208
1194
1284
2204
2847
2390
2362
2663
755
2416
1012
1264
2422
453
25
157
619
2061
2253
435
2592
2473
2622
1831
2051
2151
2655
1214
609
1300
831
2594
123
2324
2091
2518
2538
1895
1751
428
366
978
838
2574
3150
2664
10
1006
1599
1758
29
2870
193
2735
1281
590
827
2200
2300
2825
446
377
2626
3263
1648
1443
3266
905
2244
169
1297
2720
1357
2714
3141
748
3061
1312
894
733
75
2226
1657
1399
2487
1219
908
2599
79
3034
2024
2728
1877
847
2880
1612
1641
2912
2328
2675
2021
12
2115
1389
3086
1607
2887
1226
931
916
1630
607
2290
1342
1724
3096
2379
737
2536
1337
1207
1056
221
2136
2831
3268
2533
216
1991
1067
2395
1775
1639
81
282
5
1344
1527
1493
2705
99
1394
692
1035
720
72
1167
837
1282
997
2456
509
1583
979
3079
145
1955
1223
104
1350
3300
2517
2976
2704
3236
13
1692
2117
2960
1146
747
2108
3076
3054
2050
1145
1378
1713
2903
919
2360
95
558
700
826
138
2289
281
3256
1764
2428
2089
3088
3127
2768
715
956
3151
1748
1738
1341
3137
1140
2806
329
218
2914
102
734
533
2800
1321
2645
2229
1201
1627
1456
1188
1598
3319
1451
2193
1153
3235
240
2840
3234
1651
2433
1801
514
2478
398
739
1662
535
604
2742
2236
2572
1016
1852
1131
2591
2004
418
2708
408
1670
939
438
2198
292
486
1051
2161
2526
2858
2040
445
650
2457
614
2636
2589
3243
1901
1529
1623
651
2000
1873
2423
995
140
456
3325
1007
3291
1043
2271
1682
984
2919
355
3207
1922
1011
1750
2176
1080
1065
1305
150
1688
2962
502
1747
1768
237
1722
518
403
2582
1358
1206
980
1169
2101
1730
2348
1979
1104
2791
1182
2384
461
3097
1353
1889
960
1177
725
1951
312
297
507
2387
3058
248
1723
503
971
1626
3192
1154
1501
2569
315
1843
803
1718
2135
588
534
2812
537
2175
750
1160
2988
2884
2653
1814
718
2532
2213
1942
2201
1255
2891
2970
2537
1602
1124
767
2947
2046
2131
1152
2145
1552
1592
1534
1736
2707
2141
2461
121
3074
1023
3091
1347
821
3245
2504
1732
490
2892
1963
2942
2633
1294
2893
2081
1941
55
3178
3080
269
335
3197
3051
1
1348
2751
1481
627
717
1998
209
364
606
71
1875
318
796
415
409
2955
1216
3308
3143
1690
902
501
2980
2944
1872
1840
2052
1434
2424
1793
2381
3016
998
370
2795
2873
2854
2703
3087
3072
2018
1304
2459
41
3021
3057
1097
648
1115
151
320
367
3183
2632
65
793
1022
2382
1876
2695
270
57
2317
1759
1838
2048
1547
1156
2118
925
358
788
1871
2850
46
988
1209
20
2164
673
823
2014
3228
2272
867
2026
2355
1925
2871
3031
3229
1482
239
1432
3041
523
1396
3059
1896
1804
2917
896
1606
1575
2285
2593
1059
1461
2712
1636
818
2172
1217
3311
1163
1352
1251
2998
2035
1275
2933
1105
1338
1559
848
3063
2613
2833
1967
1069
2922
1698
2491
2745
2915
111
1329
3292
2756
2530
1704
2658
3306
1249
3176
2614
126
892
1846
2556
115
2080
1276
2503
1031
2683
198
914
427
1457
626
3179
3230
1454
2016
2190
375
2407
2083
1569
2781
117
1984
2008
2930
2863
1653
1798
326
553
2149
3161
3135
2753
2620
471
160
2044
341
1911
7
262
1752
1964
1127
2156
2338
863
1566
2957
639
1959
112
2716
3274
3081
3310
2525
1701
3085
1714
1371
653
108
2088
3042
727
805
2098
1549
76
2956
2987
450
1295
525
2280
2986
2659
2627
1279
204
1972
2694
119
2990
109
1393
1869
3163
1597
672
2634
1888
890
3305
1978
251
2992
2269
3321
2864
2188
1676
1564
2265
116
2907
787
2332
701
3121
2241
2677
3309
2133
1574
1841
2682
421
472
990
3154
2855
1893
1374
2644
926
2553
703
1142
1148
113
3212
2454
2635
1532
101
1268
2547
2111
801
2642
2852
114
1467
85
129
107
1466
2953
399
712
815
3177
1538
1469
1029
1291
679
