656
689
1543
784
3271
230
1037
305
3155
1241
1218
810
225
843
2524
1184
227
873
2558
2492
1191
2012
1316
1138
3011
2128
2310
3107
2512
2366
3287
156
1694
2563
1506
612
1604
2974
139
708
710
623
2345
3003
1903
2548
1749
3102
1744
3220
379
1318
829
397
670
1110
1410
293
2951
430
1727
751
2616
2750
1970
58
391
2411
3304
2214
2776
212
1107
2910
1778
2913
2611
2945
1049
2472
319
3048
3018
927
2344
3153
1932
1578
2995
698
1077
1450
2911
615
605
1204
1756
740
1924
566
2729
969
2920
2901
647
564
1225
2440
2030
756
536
1707
1563
183
1689
2904
759
1180
1109
1375
904
2350
841
2794
38
2936
1158
2320
2232
260
1973
1319
382
889
1246
2685
1550
1114
1424
2053
2766
1513
2576
94
764
1089
1346
196
1377
1099
1614
1436
2103
2867
1403
2540
2375
2174
2938
2994
3158
3226
4
2351
1490
524
2020
2780
3224
67
290
15
2394
2364
2237
306
665
3101
571
60
2370
2406
123
1232
2362
373
2307
724
200
1150
2033
2328
2060
3263
528
146
2665
2626
1008
2091
2277
2860
953
1194
2290
1818
1703
2466
258
3281
1511
2116
2821
1057
2129
705
2575
684
630
1952
2912
850
2443
1580
436
314
937
1483
1064
770
1009
2125
686
479
3028
633
2887
3034
548
1734
59
1927
414
2185
814
1152
1902
2795
3059
1941
57
2516
2145
2108
138
1626
1056
946
502
3076
3021
1871
2387
1456
2517
1104
2708
606
71
1692
1432
1347
2711
1358
1434
1713
2704
409
490
558
1160
1955
3178
2591
1140
240
980
1408
842
1732
3066
1837
2751
2582
1482
589
1897
2236
43
104
1337
2187
1051
270
2659
1835
1551
1846
2263
74
7
1616
3135
758
805
801
1798
2412
2111
653
389
1869
3082
1893
820
1060
3154
3123
3176
108
554
1433
482
2288
1274
1892
1649
743
1855
1856
2077
2724
3050
2603
2746
3036
1779
2727
26
374
2857
1101
883
949
1553
2566
797
546
765
325
2027
3007
2939
44
1687
666
93
3069
556
3106
669
372
2772
1441
3035
2127
2923
1969
2686
706
2025
1797
1032
2899
638
3012
2450
970
2713
1645
879
452
1265
763
2009
2441
2662
2346
3232
1309
294
2266
3118
3200
1753
2207
780
1147
2085
856
1418
485
2074
226
1307
1449
1311
2391
484
469
3147
1323
1522
1485
1857
1014
1072
790
284
3125
1789
301
1247
2844
1332
854
782
1132
1907
2458
913
2467
1373
466
3144
3167
1650
1806
628
2007
279
2354
1120
899
3269
2802
3002
1298
2326
2178
570
467
608
1001
163
1486
2376
2093
250
463
3275
3270
1867
217
155
2470
174
2409
1263
1331
749
1091
1916
1579
1187
1928
3112
1600
1680
1850
1058
2509
1699
2801
522
1017
1608
1360
2062
2946
1717
2216
1175
2372
2552
659
1193
2494
2233
2630
299
2049
137
2720
2182
1725
3262
2205
2520
1439
298
1480
1195
585
1492
1943
2538
640
965
622
1364
2485
1312
1708
1219
197
1612
1786
2226
3307
377
3313
3070
426
154
2110
631
2830
908
3280
2147
1558
2650
2230
1343
2427
2390
1189
12
1176
3027
2825
2521
1910
2405
2664
2139
143
929
2853
1668
1593
492
1758
2475
1206
45
1461
867
1730
2806
988
1606
2962
627
2424
2152
788
918
3246
1556
1623
1043
768
2981
2109
403
3040
2811
2532
218
534
1627
1353
2459
747
1131
3142
2964
2131
2917
1341
1105
537
1473
318
2499
1695
1747
2595
2075
2272
1451
2402
826
3207
1552
3254
2478
329
292
821
673
1167
3177
1972
2016
2683
2682
1712
2930
2614
1794
3121
1978
3180
204
2989
3274
2634
2677
1574
1508
117
129
2758
1268
1792
2863
635
2666
2671
52
846
1244
1745
697
1151
2072
3053
1111
3195
1554
655
33
1904
3277
942
1715
2680
1134
1709
3001
2670
2841
3052
2367
2755
1762
2747
3272
2567
3219
1675
3285
2140
1782
3201
3160
1447
2086
1726
1637
1957
2002
352
1431
1507
2378
2761
500
1905
3267
3015
2180
560
728
1631
447
1772
933
1667
2725
2909
674
1073
777
3104
473
2979
3276
2029
2808
2754
1083
538
274
37
474
618
2476
3194
2155
3264
2549
168
2541
2453
1977
3188
2223
2094
2769
1277
726
1363
9
731
3286
1074
722
1628
1199
1796
190
1250
188
732
2313
387
410
1524
683
2195
1805
1728
323
2982
1610
2818
2010
449
73
354
1063
21
1186
2879
1227
24
2568
3064
1820
3326
1936
2978
1053
1076
511
1613
90
2975
3156
3103
1863
254
384
2042
898
1452
1646
2767
1196
3056
3032
844
3225
1417
2940
1401
2929
2202
2468
2672
830
1237
1509
1334
685
621
792
330
291
378
958
3303
2071
1496
3196
88
2096
602
952
833
2732
2733
1411
344
1983
2347
832
1345
2274
2138
1993
22
1048
515
3022
3293
2561
3298
3132
1790
1572
2969
1055
308
416
2218
3113
2692
3006
3251
938
954
2043
1809
578
2941
78
3205
266
3278
2231
175
3193
1487
2169
2225
63
2222
3289
754
1845
613
1849
1123
1954
2669
539
1168
91
943
690
2104
903
1652
1491
1611
1847
2238
3152
185
3140
702
2949
2031
2699
505
167
906
2058
1235
1930
1402
2500
1589
3084
977
2001
2425
2084
3108
2160
1356
2090
252
1769
1286
2943
2243
368
711
1784
2607
1137
2551
2482
1383
2748
2171
2928
3
508
1677
714
1172
2006
766
687
3206
331
800
2619
2877
2095
3174
1542
324
1308
3210
3184
1287
1906
380
2400
1844
2368
2948
2343
244
3105
222
1245
2579
2790
191
349
3005
746
1632
2544
2667
3248
2197
2067
1421
3044
1739
1721
1392
1588
1808
2550
2186
2
1262
1815
2143
3055
249
3004
1143
3109
1733
3110
2267
1139
1881
1084
1822
1125
1729
1489
2543
3089
778
1215
253
432
884
1783
3049
597
2773
338
2885
1661
497
2600
54
214
1095
1737
1968
3249
1741
2983
1858
632
2958
1568
2693
2842
2191
1832
2306
1141
236
1913
1159
232
643
64
2082
870
1931
1999
1914
637
3029
2963
203
2609
1842
1505
3026
1000
1200
1475
541
1354
489
1271
545
383
2798
2246
2430
32
2809
3047
1813
531
808
28
1854
922
3215
921
2486
376
1231
3120
2212
130
1919
2315
3257
3146
932
1068
1562
1425
2408
133
3317
1370
1735
1478
1988
2316
1477
547
1615
285
587
742
441
2065
478
2902
1710
928
1098
1052
405
634
2112
2608
228
2463
3060
652
1886
2918
1324
1020
317
1220
283
2513
259
1868
2673
465
3299
442
1937
178
1596
142
2066
853
2973
707
2295
2495
2730
1921
3282
822
1026
171
2601
440
411
1780
1094
2514
1039
2497
2245
2220
272
550
1437
1090
2249
1315
1865
1654
487
1233
1791
1785
494
1390
944
385
1166
1829
3165
80
678
3075
2034
1388
1521
915
1129
2337
2932
882
2339
519
1531
1716
736
2965
893
1949
3252
526
694
2602
783
2739
1586
865
1310
2771
1325
1545
2055
911
1571
1455
2449
265
3273
1926
1004
924
2184
86
1474
957
1771
1465
1303
2120
2054
1446
825
2643
1890
2069
476
2005
2292
1423
2810
2296
3217
1135
3288
2898
721
300
2560
584
540
92
2578
1660
1939
2837
83
3216
1002
2167
752
3284
2261
624
552
3211
2993
1082
1221
1385
579
1488
2726
2977
176
1788
62
2210
900
2612
1536
2562
2240
1679
1103
745
1693
304
3117
419
3046
1700
47
2529
860
555
1387
3039
3244
2815
2448
774
989
2252
2845
1045
1046
1380
2531
542
56
1283
1256
2819
3241
3218
1683
1678
2557
641
795
3221
18
3019
2215
3148
2258
1326
1836
159
2189
947
2950
1018
2327
2179
2028
2689
2259
1170
567
84
3208
332
3131
1817
1033
582
234
738
2318
809
3223
610
1686
1985
1464
2078
359
2606
1270
316
654
2251
649
2278
3009
1419
3119
1851
2721
1765
1335
2657
3166
3231
1027
1992
3314
2734
923
97
2059
573
2631
1210
1870
1565
1918
17
3010
2763
2132
2646
182
2312
2681
1415
1472
1512
1113
3318
36
2731
2610
2157
2656
1272
1164
1087
2154
563
2203
2496
11
1293
339
974
2163
729
2301
2816
425
173
1990
1426
2134
1516
1442
1435
1239
1691
2153
1525
3294
3253
342
96
1945
1162
2451
562
771
3139
194
2447
2921
2679
3077
455
333
412
676
1085
3157
2740
991
2383
920
2464
2177
819
2931
3202
2835
429
2814
70
2452
2661
2752
3295
2275
2836
87
1620
1116
859
2255
1629
68
205
2437
3159
516
475
462
1515
762
1280
811
1102
1416
2832
1826
3017
802
2335
1498
1573
371
3065
642
2817
798
2314
504
215
2100
2262
1684
1278
1656
812
1302
392
3068
1946
393
959
1322
1685
1595
2535
3099
1799
1412
806
1260
313
1899
1088
757
2866
2297
1754
219
1603
866
1781
1236
6
2813
2340
1479
3138
1601
413
2848
2325
1038
35
1770
1824
2511
2881
510
2652
785
280
3094
2087
2624
1755
834
1746
561
89
3247
3170
2431
1192
3187
1929
134
1933
2377
1561
309
400
2583
1409
781
544
1267
935
1173
625
2309
1702
2508
1953
657
2905
336
1428
964
2757
2342
2779
2442
1912
3190
2580
1960
1659
2079
1075
1243
23
1514
1634
1882
3111
2144
148
2805
2403
1070
2770
2895
1365
2159
2605
973
2268
2743
667
1253
199
1100
760
2219
1673
1149
620
49
457
2778
1672
1066
2469
2984
2308
2629
910
187
2446
77
3173
2741
688
356
1544
3020
2937
1940
172
2158
2803
2392
576
3169
1618
1042
2897
696
278
166
675
2099
2041
3092
2369
776
699
2322
448
261
2273
1671
1510
1261
1810
1381
1086
2036
2358
2385
983
2477
1864
1269
498
2700
402
2889
420
2777
891
1368
2410
3302
2896
3312
131
598
2793
496
310
3045
2102
1285
1254
2723
8
1460
3255
2123
1328
1078
2363
2208
3259
3301
2654
2890
713
1619
976
3171
3062
1581
3238
1664
3025
1500
2588
1468
2341
1885
2796
3239
3227
2916
2875
2374
1494
1205
1025
1530
1827
2554
1213
275
2371
3240
2559
813
2480
864
1212
1975
459
881
2192
1471
3038
2997
3315
277
3124
1258
1429
223
2173
1874
66
3189
1133
3000
98
2436
2017
1382
1819
2623
1359
50
2068
961
1400
1036
664
611
345
2865
2148
2305
186
3297
955
3145
1438
1621
2260
170
2357
1372
565
599
2571
3162
1594
876
2737
1669
2861
1395
245
2787
1119
491
1624
2701
2465
2393
1108
2276
1320
1413
1174
901
1706
61
861
1860
2302
2876
636
1314
2484
3182
986
1528
3260
658
786
1830
885
241
1106
357
596
3128
1884
1211
869
2438
1560
268
1787
3129
1330
2455
2334
1633
3203
1379
407
1369
1030
2651
286
1495
3233
3037
1155
2883
1774
353
2388
401
2119
164
2380
1165
195
1557
862
2590
2684
2353
390
840
3265
136
592
1638
1987
264
3191
568
2954
179
2762
2291
2359
2539
1776
1821
682
255
1823
3116
1887
362
2738
337
2462
3023
1577
327
999
1171
2015
2688
1674
753
2413
2581
2515
1445
1915
2386
1743
2022
3095
3204
2460
105
2105
871
2209
3122
2888
2333
874
2660
1289
2228
1908
39
1802
2256
2321
1848
2827
273
1376
2804
2439
1355
1259
2878
512
2696
2389
1405
1420
480
189
1519
3164
1384
458
2471
1179
2323
2106
1705
1900
2996
483
2908
1203
530
2434
671
343
1062
2697
1981
2924
135
288
2687
1081
716
1459
3071
3242
1222
603
488
1414
791
1958
2894
2294
940
177
845
2284
2352
2722
575
1555
3172
454
2698
1966
1397
1406
3258
1947
1504
1240
600
1044
100
2373
741
1773
1526
877
386
1407
593
3185
1079
3324
3168
2399
233
2959
1971
1448
3008
3222
1404
2545
2019
1178
950
2114
120
2760
1523
1361
1537
2555
761
3322
629
431
663
192
2874
202
2510
855
1839
2304
422
0
1948
2799
1366
3323
1585
2749
2419
2250
127
2253
2298
1658
1013
2935
897
894
464
1582
2775
595
2418
184
1757
1005
3013
1731
1994
2534
872
2728
1443
2299
2862
1208
917
580
79
3061
2527
1273
1248
1648
1054
3316
2165
1617
1696
992
827
307
468
2824
2137
34
543
2961
1630
2003
2051
238
2142
2952
1590
529
351
193
363
2714
157
1118
1517
966
2574
2490
2073
936
25
169
295
2166
2361
1877
551
931
617
912
2281
838
1641
2736
1724
816
2242
735
2429
1576
263
48
340
1811
1605
396
994
1281
1284
1935
1226
851
577
1609
267
1570
2792
2717
2507
1398
1476
1567
1484
2968
2293
2311
2735
444
875
3115
2336
1995
2420
406
1234
2639
2057
14
1647
1800
996
2270
224
1041
347
2487
1296
2422
3098
794
1290
1761
981
1427
1299
42
1230
1470
2764
967
1681
428
1535
775
3033
153
2473
2319
1071
2234
1740
256
1202
662
677
1040
2121
1923
2597
1834
2064
1112
799
609
1181
857
1015
1264
847
2826
2356
1853
2676
2264
2254
2435
2331
886
1950
2886
748
1010
2641
27
3175
1828
417
2124
1546
1050
2076
693
2784
2598
1898
619
213
1006
1214
968
53
2971
2122
2404
302
446
1349
1663
772
2151
2247
3086
229
2011
1126
303
2934
1880
1333
2715
2596
1777
2625
1657
144
2599
835
2417
3014
10
1229
1760
527
2162
972
1351
2926
322
1128
423
460
559
1300
2224
2013
948
2719
2882
2257
719
895
2061
2592
1497
141
807
2415
165
1986
1961
2880
2829
350
1386
2782
744
3114
2594
1980
2991
907
2300
2999
2211
69
987
289
3100
2183
557
2718
1453
1831
1859
147
2113
2196
2523
1625
1292
2797
733
311
2047
2820
878
1825
1763
2097
962
161
2150
242
773
586
2239
532
2678
691
181
858
2843
2324
2846
243
1607
2279
680
2303
388
2398
1974
1812
2401
2286
1288
2528
1190
1422
40
369
1499
3266
162
1440
2070
2204
2235
1252
1541
2783
152
2869
3073
2542
2217
434
394
1644
1117
1540
1962
1122
346
2474
2586
2396
3209
365
2577
1362
1751
1635
2181
2244
493
2822
1503
2759
1096
220
1697
1257
2967
2828
443
1130
982
2675
3141
1956
905
1399
2927
880
2522
993
1389
2786
1336
321
125
1807
499
2621
180
2199
590
2564
1161
1157
916
2925
3136
1643
2426
1803
3149
1228
2765
366
1878
2839
2506
1342
2668
2847
1357
2282
1996
2024
2690
2870
2638
549
1895
246
930
2206
941
3290
521
1317
985
1533
124
1640
206
433
1430
16
451
2518
1989
453
122
31
1767
75
2045
520
395
2488
30
2573
1301
51
681
1034
978
1965
3030
2823
1879
495
755
2649
2021
2663
1883
2622
2023
3186
231
1976
607
2444
1242
963
887
2744
439
2502
1622
2032
2115
2063
569
3198
2785
3150
1920
2416
2200
3093
2640
361
2483
1198
235
616
435
2481
2637
831
839
2397
2146
1136
1297
1599
29
909
2221
2868
2655
2774
1012
1024
2421
1816
1238
2585
3043
704
2859
709
296
2653
2365
604
2710
1979
82
594
1587
1321
3137
1067
1951
1065
55
1925
209
1313
1736
287
315
804
2229
3097
151
645
2546
320
3051
1035
3041
1901
2942
150
695
3319
979
614
2201
533
2647
574
793
2172
3243
1636
1764
2706
1748
2360
1394
312
2615
2118
1651
2873
2900
1224
718
750
1163
282
1462
2914
121
1021
3090
509
2348
517
2170
2384
1251
2136
158
1896
1156
2960
2791
1294
3016
13
2433
503
3083
2271
668
132
2695
2955
1217
486
2227
2569
1216
601
2838
506
1197
2317
2593
1738
2703
102
3143
99
2633
1493
3079
2812
1327
1642
355
945
1022
3127
3192
1750
140
837
1539
975
1991
1584
796
1092
2198
523
1501
2858
1889
3151
1894
902
1
1444
2632
3268
2026
348
41
3235
1875
1124
3229
1527
2648
581
2966
1547
408
1396
1690
1720
1097
1583
3024
3237
456
211
477
237
1145
824
2056
1463
2046
3234
1873
2636
513
2395
3245
2089
767
1059
2355
3074
1639
2587
2891
2176
1182
1344
438
818
3072
2970
3080
3183
239
5
1209
2379
737
960
1093
2501
507
2834
2193
95
3279
404
1723
971
2135
1592
1529
1852
2248
1458
1481
1942
823
3054
2872
535
2980
836
2884
3087
2572
1838
648
3311
1367
2050
1003
2691
1922
651
81
3091
3057
2456
803
3088
588
1378
3213
3197
2871
2493
734
1575
1843
1944
1718
2893
2141
1352
2164
646
2004
1061
739
1121
1019
3096
896
1518
1768
271
2289
2533
2052
2707
3078
2432
1534
1719
1766
2947
919
2349
572
1938
956
1080
1348
700
2018
2856
210
2048
216
3300
3031
2988
149
2903
1861
2854
1304
2742
939
2537
2000
2428
2589
849
1963
1666
1688
2038
2414
995
364
3228
2972
2382
1502
1559
1146
2944
583
2381
2107
1998
1016
1804
1144
2526
1115
3126
779
2800
1185
20
1862
1255
925
2014
2976
2161
2985
3325
2130
730
3320
2831
424
65
2498
1775
591
2584
370
3283
248
461
2705
2117
1153
2840
1266
367
1282
2445
1169
984
2645
145
1338
1275
2933
1662
3058
2712
518
1047
1188
3261
2504
415
1011
103
3236
1759
46
715
828
3291
1223
2617
281
2037
2285
1207
2175
1840
1670
2168
1591
2919
660
692
221
335
997
3256
398
868
725
852
1350
514
717
1793
2709
358
1872
1177
2768
1306
1023
2092
2039
2101
1801
501
3308
1665
2035
1682
72
381
661
2998
2570
1997
445
2461
2081
2850
2423
1305
2618
2536
3067
644
1722
418
2040
1154
2519
1598
2906
297
2330
2213
650
3199
208
1833
1602
1876
2702
328
1548
1814
2892
2457
1201
207
2849
269
1742
998
720
1007
1655
1391
360
2807
3042
863
1752
3133
3212
2789
2642
3305
1467
815
2241
1841
1569
375
553
2987
789
2530
472
1891
76
399
1704
262
2083
1538
481
116
19
2332
2953
1457
3250
1711
3134
3321
3309
2280
2553
106
1967
1276
639
2407
1917
2338
3296
1340
2126
2745
450
787
2986
626
3230
2283
2922
111
251
470
723
2088
2756
2008
2851
727
118
712
110
119
1520
2565
2080
2855
1549
2269
1069
198
1866
276
926
2674
3292
113
3181
769
85
703
1279
1676
1249
934
990
2194
2644
2098
3130
2525
890
2329
2503
3306
2915
114
1291
421
2133
3085
1934
3063
1532
1031
1795
2491
914
1698
3163
1029
2190
112
257
1142
1984
2044
201
2505
1028
1374
128
2620
1148
817
1329
2852
2265
1911
2547
888
1469
672
341
2479
1888
1701
1393
2149
525
2188
101
2694
2556
1959
2489
3214
1183
1653
2992
1909
1295
1339
2781
107
701
1566
2658
126
2716
2604
334
2613
2956
679
892
160
1714
2287
3081
2833
3161
2628
326
1371
115
2635
2753
2156
2454
109
1964
3310
951
1466
1454
2788
247
1127
2957
1597
1564
2864
471
3179
1982
2627
427
2907
2990
848
437
