305
873
2086
1784
731
3053
1139
266
687
1568
1074
832
2186
1741
2561
2983
3106
906
1628
1277
1037
64
1159
253
2090
3225
943
54
1892
602
22
666
1769
1969
139
539
2544
1844
554
500
1808
9
2773
1123
743
3044
2500
3196
1611
1196
1293
2335
1919
2662
1686
1098
2601
2973
2809
641
86
2005
462
1018
359
2318
1045
922
2261
2513
2132
540
1684
900
802
1992
3217
1280
3165
1478
516
1129
2066
2153
822
584
3068
1716
3215
2255
2074
429
3288
1512
1380
317
519
36
489
1388
2661
3026
3221
228
2312
2463
2609
2449
2497
3095
663
1908
940
3101
1787
454
3037
422
855
764
1174
1319
1346
904
3224
353
3023
2159
2861
174
15
1947
2439
3128
1799
2302
105
741
1149
277
345
1495
845
2105
2320
2477
3227
2068
629
1395
1428
2535
2554
2388
3191
571
2696
1420
136
2590
2119
713
3265
785
2937
187
195
2805
2954
2297
2866
2796
658
2889
1468
2413
1258
1773
2848
968
2522
2967
2824
1609
2736
1703
1740
123
2847
14
520
607
907
157
1242
528
1831
299
2129
1511
1668
1541
2185
527
894
3136
929
640
1219
1763
992
2785
423
235
3014
296
3073
3198
548
1343
680
2125
2828
1312
2527
1292
414
2307
1301
733
2286
1430
2113
2057
972
2523
630
2013
361
2538
2775
2150
744
79
2139
3151
358
1473
271
1894
3127
1833
1766
2498
2582
1598
1352
2130
2702
1206
2834
102
750
537
2584
1462
2046
140
1348
415
2395
1979
46
3142
925
767
55
3088
3245
3256
1481
3178
988
364
837
3126
1723
614
2966
2348
1367
1991
1177
151
1925
3041
208
2117
1350
2587
1152
269
1775
2976
1551
1866
472
2016
2987
85
471
2789
3306
3181
2674
204
2628
1340
2241
2851
1752
1467
701
2852
1574
1982
626
1469
2080
2635
1977
2969
2031
44
2671
1191
1487
2672
2243
3052
1491
685
1543
2367
1055
1728
1677
952
1345
1931
308
1076
2670
933
378
2619
2841
214
903
3108
1489
1782
1957
2313
2127
330
2310
1847
380
1506
556
1856
560
3064
1983
754
1652
1218
2077
2600
2963
2739
1988
2301
771
2602
332
763
736
1727
440
3010
1515
3017
1578
745
3231
2606
1247
1046
798
2730
2258
1449
3060
2496
1868
3029
1596
385
3146
1970
582
3065
293
2296
2464
555
1654
2815
1946
2210
1068
430
3153
1629
2408
452
2817
649
393
1103
469
2240
2918
2295
1233
1265
853
1550
1246
3297
2403
2651
2749
1848
1537
1746
1382
598
1459
2409
2827
1600
2467
1360
964
1770
1887
498
2511
457
716
2377
2766
2697
2996
536
61
2883
2508
1624
1412
682
2794
3129
2741
2762
1269
1240
2216
1404
1099
1717
3045
899
1673
1579
2738
2875
3138
2623
1414
1212
749
2017
1479
1078
1106
2701
245
667
8
3008
1211
1243
1490
2469
881
2362
719
1054
2293
1927
2528
1015
1012
2764
2370
987
966
1800
1879
2473
2564
1480
377
30
2592
365
982
1041
1663
1859
479
2886
2247
1640
75
2298
858
2971
1009
2843
875
1234
2641
1128
303
857
373
298
1362
2719
2021
2534
1807
2797
1399
967
1834
2870
1758
851
3141
2146
1228
2206
1812
2422
662
2585
2622
1786
2912
828
282
1627
2536
2709
1720
2349
1843
1606
404
2107
1255
1156
1358
403
1804
418
2141
2998
1942
132
211
381
2227
1666
2903
2414
2712
1998
2056
975
1080
1007
445
2812
1748
239
1341
57
1764
1327
720
1876
1575
984
1035
852
1434
2176
348
2519
1814
1584
918
1224
461
1548
2569
583
1148
926
1029
934
3296
2547
1704
1028
679
116
2479
1978
1295
1564
2758
1792
1329
198
3082
2683
110
2265
421
115
820
863
2143
3194
2928
2607
655
3107
938
1906
474
1858
792
3132
1805
1383
2885
1913
1721
2288
2042
538
1496
2006
1063
447
2727
1589
810
416
2345
473
3011
1053
1334
621
3069
1101
349
2550
2138
546
3160
726
3303
2347
1411
1125
2974
482
2543
387
2104
1863
800
2128
2222
2939
2949
1507
2755
449
1783
1796
90
1431
2857
3103
578
2940
511
1402
1452
191
3193
156
1849
2808
2699
3055
2978
505
254
708
3155
3104
2274
1186
372
3251
1936
2667
1241
1790
1433
2343
714
2982
2603
1274
91
1572
1954
3285
1095
1661
1667
2941
374
2482
1245
1421
2943
1073
1744
3140
1968
2818
190
2029
2754
63
2197
432
2366
2879
830
613
2476
3272
2306
3003
797
222
354
2
2948
2567
3084
1138
1111
167
3184
2909
2368
1613
3249
1930
2746
188
2958
1417
3206
225
2979
2095
384
1809
2191
3036
977
2790
2733
2425
2669
3220
2223
508
2453
2180
3152
2010
37
3174
2238
2225
1137
2084
3276
2512
2378
3102
1729
2001
331
1739
2160
765
1237
1632
1715
683
954
656
1554
2772
3015
227
2218
2923
2568
2524
702
2202
1401
1084
2155
1250
3032
3156
2171
1604
612
833
2558
3110
1687
2043
1832
746
168
2072
1881
1363
3201
1392
410
949
3298
1184
884
368
1733
3195
1542
88
291
323
1141
185
1447
2666
78
1215
1820
3286
2724
2027
1903
2140
1227
2579
338
3
3267
1649
1726
1637
230
1749
3050
2082
898
2767
1779
236
3022
1356
252
3113
1287
3056
1048
249
2877
844
2975
766
2566
24
1815
3287
3035
1316
3219
3089
643
618
1905
1845
1993
942
1286
3005
2842
669
1524
3049
2071
1134
3289
352
33
2680
623
3205
2693
2769
1441
706
2732
1737
870
784
1694
324
711
689
244
2549
2692
2067
3264
1172
843
710
175
1235
2748
274
52
2551
1709
722
1855
1143
3326
2563
1509
497
26
732
632
2169
1675
3271
3277
2492
1083
690
1772
1168
2541
3210
777
697
2267
515
1904
2058
1646
3109
958
2725
597
3105
3188
3006
2002
1308
1822
2468
1262
1588
3248
2400
3004
778
232
3293
2231
3007
93
674
846
1244
325
2686
3278
728
344
1631
1199
2761
73
2747
1151
2195
1610
2096
1762
2929
2548
1553
883
1745
21
2012
2094
3001
319
2681
1303
342
2734
178
2616
1890
2251
579
3047
1536
2451
58
1014
3117
1999
2798
2977
2731
3294
809
2315
68
1302
1854
2440
1416
1039
811
819
1200
1318
494
2995
1231
3157
1026
3048
3304
859
1052
2656
562
2902
3244
1921
3223
2212
2167
526
1817
2679
2844
605
812
2339
425
504
2657
476
2055
1000
3253
2292
2837
1132
2931
11
2112
2447
1645
1325
2134
854
2214
2009
405
1813
3314
1753
2835
3018
634
1683
1239
1656
2911
3318
1985
1836
2472
1090
795
392
1918
3232
411
1082
1278
3166
442
2346
920
1423
17
284
654
2529
1565
259
3139
970
1525
893
1166
647
957
624
234
2945
1020
552
1204
2437
3148
1545
133
2203
1488
1270
1924
3208
130
1595
2608
2259
2845
3075
2750
1829
1685
1027
1135
3012
707
1870
1323
2065
1485
1437
1914
738
3273
3200
84
1446
545
18
2495
1164
1033
2740
3295
3218
2832
485
610
441
3317
542
1271
1418
371
2578
2631
272
2726
1113
924
294
2816
83
2441
2383
573
2430
194
567
1283
2673
3131
215
1322
991
2776
1385
882
1426
2100
2059
2262
1780
1735
2899
780
1789
2611
1522
333
2689
2951
97
2391
1505
790
283
1765
1939
1085
3147
1937
2245
1442
376
3118
3216
1679
547
729
915
1049
782
742
2932
475
316
142
2913
96
2531
2028
652
2252
678
1221
1865
3119
1110
670
2814
1102
47
1700
2069
2713
879
2179
2921
1472
2898
2763
1465
2184
1990
2054
226
1354
959
383
2189
751
1116
1004
1326
3282
3120
3046
1573
3252
80
2560
1620
2034
1826
740
2163
1390
2316
1425
2314
2721
301
1387
1410
564
762
2448
92
484
541
1857
1094
1531
2452
391
1032
1225
2078
1693
1107
3299
2901
339
1562
1220
304
182
3211
1272
1586
3159
928
829
1311
2836
87
2610
2220
1332
783
1087
2486
2025
2337
694
698
944
1691
62
1256
1660
566
1147
1678
205
676
2920
865
2266
927
2993
2249
3241
1778
1932
1310
2246
1945
2278
1419
455
2275
1170
1324
2562
2612
615
203
2215
947
808
176
397
212
2950
1926
3125
1464
1788
379
1516
2819
752
721
1571
2411
1477
300
70
3009
3284
923
3077
1455
1615
1072
2810
2965
32
860
1450
285
856
1415
2771
2643
1907
1498
1886
911
1521
3039
1791
412
969
1474
1162
563
1335
1309
2729
1370
642
921
173
478
932
2157
1475
465
638
1002
1077
1210
1315
2910
56
2154
1307
1710
3257
1797
265
1435
2120
2646
637
2030
2450
2177
1785
171
550
1949
825
2327
2085
419
774
159
3202
2752
487
2557
28
1842
587
989
1851
1756
3019
2207
1771
2514
974
531
2344
407
1413
1460
2571
2371
1702
2465
1405
148
1355
67
1038
910
3247
1044
3239
2093
1953
1289
2294
876
2410
874
1165
264
776
2385
2865
488
1940
2351
999
1500
786
219
2326
357
871
336
665
1314
1971
664
675
1634
1513
2209
1403
1070
3315
2268
2386
2431
2904
1884
66
2062
976
2555
935
491
268
2340
512
1958
3258
2458
1298
570
1192
2605
1203
1486
1819
2053
2793
77
2321
522
636
2470
885
1407
2341
2778
166
1376
2363
183
1659
1330
753
2924
2323
1187
1368
1030
2434
1222
1205
862
657
2256
286
1523
2284
134
2462
2273
3185
3112
840
2455
1155
1781
2938
1504
2813
2510
3000
576
565
1042
1120
3238
1774
1193
2276
3094
217
2757
49
1561
2219
343
2114
596
192
1409
3255
1331
3164
1689
2687
1253
1158
1369
2787
1621
889
983
2888
1555
593
568
2580
3269
955
3204
1776
1381
3189
3092
3312
1585
2876
2802
813
628
561
688
1133
250
1966
2123
1372
961
1178
3222
2867
3173
2022
3323
467
2654
2895
2804
186
611
459
1669
2148
1916
290
2878
1915
402
278
1563
1821
448
273
3071
275
1823
413
2102
625
0
2779
89
2020
2777
2442
2471
2480
1680
2436
2394
913
864
3170
1400
2874
458
1608
1373
1671
466
1603
2881
2342
1254
3259
1899
1526
2540
420
94
3182
1109
2484
1259
1874
2309
2652
3002
1960
1263
2208
806
1830
3190
1091
2583
2438
2722
3062
1755
2144
1081
2173
877
23
2322
2106
1445
530
781
2700
834
1743
3020
2308
1017
2908
1001
2376
1650
1557
1674
1528
1088
172
1981
2019
1471
2629
280
3275
1824
2660
3171
3124
1987
2419
135
1900
699
480
2334
2723
2087
2539
2358
901
1100
1882
2250
861
1867
2896
2760
1581
35
463
2372
279
313
3162
2374
1086
1328
2359
50
2041
199
2325
575
2357
841
3203
400
592
1384
759
431
3167
1213
1594
100
1618
362
2684
1705
1885
1577
1359
2984
2103
2688
1706
2380
2685
2460
2353
599
1810
2446
309
288
3233
866
2994
1079
390
2698
1664
1544
2392
761
2192
760
659
1179
189
2916
3260
223
3242
2737
3111
2393
2576
2174
3169
2333
38
1375
891
2770
1285
1361
202
39
2897
2364
1802
2905
671
3144
3158
2743
3301
1429
260
1614
2890
2780
2237
382
510
2036
1424
1510
1089
2260
600
1806
241
1754
2354
1928
2158
608
3038
2233
1058
2946
310
2373
544
1436
1066
1699
756
1672
1519
306
2552
1260
386
869
3226
1236
3145
3270
1860
1530
3099
791
1494
1850
1839
2399
524
1929
2936
1261
1438
2352
1379
3240
1062
2015
2007
255
2494
2228
1619
1912
1948
2803
1173
1036
973
179
1366
620
3025
2305
1171
120
2588
696
950
2624
1108
2079
1365
1560
327
356
4
3168
2232
1633
1707
3322
1601
603
1638
1114
233
3116
3302
1397
2559
1320
2291
483
1827
2304
986
2509
2375
1406
164
2959
2545
401
2389
2099
2178
1267
170
2801
177
2997
1975
337
1180
196
3187
2581
1864
3172
1448
6
1025
155
2894
2369
131
2350
1175
1933
3324
1377
3122
757
98
1973
496
261
2515
163
2799
1514
1075
1119
152
622
2678
2792
1816
775
363
388
2427
1635
2244
1157
897
1923
916
2475
1230
2235
1150
1351
1582
1811
1535
1136
1533
2786
1625
3027
2073
2290
3149
953
396
42
2281
1006
2728
2573
3313
1825
2299
1989
2862
2047
2599
2935
1761
1176
2415
162
2483
10
1492
1281
2122
1057
1607
931
2521
395
2421
40
2328
2142
2961
619
1517
839
681
2033
444
2417
595
2574
2626
3061
1284
2880
220
3307
2887
2390
224
436
2063
2405
2270
577
814
895
1122
289
1724
948
1853
3034
1300
492
428
2665
350
2070
3098
60
2182
258
794
850
2124
1034
2925
1194
993
1617
2663
435
831
434
27
2254
909
1112
705
2420
417
2640
2830
2598
161
1427
1195
238
1226
2542
930
1757
3186
965
263
1202
1952
1648
1777
2744
180
2859
181
246
2968
2853
1357
2715
2032
2147
1290
847
2311
53
543
912
1760
2253
1943
1117
2714
1546
835
1130
3033
184
127
2224
1257
1986
3100
586
1880
1950
2091
314
1453
1024
2011
1828
1725
1040
937
453
1580
2396
137
978
1980
2668
243
936
3280
229
2690
1364
2735
16
1965
735
2488
2999
3263
2151
3290
1189
2507
693
147
200
2049
590
307
1349
2860
1658
1708
197
2474
559
2356
2596
439
1439
2406
2506
2717
1503
1013
686
1976
1010
2051
3115
2200
2064
2927
1622
748
2444
3086
2638
1803
433
2426
2630
770
321
887
1956
1681
2319
2397
2205
2279
153
886
2331
347
464
2952
1470
1696
1483
580
1238
2121
709
2336
1440
3013
2820
125
2718
1333
1570
616
1297
529
2061
446
2137
1161
585
2868
2300
426
1599
2520
1910
2264
3281
165
2675
631
996
2282
2783
2429
2825
34
2926
917
557
1995
609
1181
1386
2116
3316
2217
2621
12
48
3030
1883
755
772
2024
1878
704
493
1064
2115
1630
1540
1994
1476
1336
3070
2822
2242
2230
2821
1484
872
1643
551
2165
1593
684
2676
2401
1005
908
617
963
1935
724
2759
1895
2398
2655
169
1264
340
302
799
2097
394
2784
495
1398
29
193
2361
2991
2199
941
1877
2110
2226
2518
1641
1190
154
677
2324
2637
3028
1962
1273
2664
1296
2303
346
1118
267
1126
1612
443
1751
1920
827
1208
1497
1731
311
25
1657
1071
1232
231
2435
2826
532
1299
2839
549
2211
2575
2934
2076
2765
1567
460
1996
1818
1198
2045
213
2204
2257
468
2597
1558
406
2443
322
2586
1317
773
2196
816
59
242
206
69
143
3114
122
1288
1898
2418
1096
1644
256
2162
2846
3266
994
3262
1697
569
807
1389
1605
2829
1422
451
51
691
3209
1499
1576
1252
2181
1342
1647
1767
962
1008
351
985
2485
141
3093
2782
2404
1443
1050
2466
521
3043
2166
1734
2639
2277
2577
905
499
1974
144
2490
2183
3150
878
2487
295
124
366
2023
2649
2234
2869
2650
1590
880
2625
633
1248
2060
2594
31
1229
146
2481
369
1961
981
2003
2502
2823
2720
3175
2239
838
2774
2416
1214
2221
2882
1591
1282
1793
2014
3283
2705
1065
1872
1636
868
1167
980
1016
803
1690
1097
2795
1583
3143
3192
523
2537
1639
1955
2285
2917
1043
2831
1145
3054
1182
849
13
718
1160
3024
1188
821
1197
2593
408
2648
2433
2445
1862
1144
1051
730
2457
574
2972
1768
779
591
2456
2695
588
2849
717
650
644
1093
2532
209
668
2136
535
939
1266
2615
3261
1169
824
2710
2423
2892
1736
651
1941
1209
1861
646
734
2478
818
1732
1623
998
3091
216
648
1963
606
739
534
1665
1602
1518
3235
2691
1482
2168
3078
2980
2595
2653
3087
1896
1023
627
2118
1124
2871
1047
2164
1527
1394
1662
1713
2964
3031
2387
2004
3207
715
2981
2101
2742
2840
2081
3197
3183
2884
2942
796
2589
506
3319
2572
2039
661
1451
2135
65
2201
3059
2038
896
3051
2633
2645
315
2854
3246
1889
2052
558
979
2461
3300
45
3199
3213
1153
1840
2501
1875
1022
1131
2459
1692
1092
1003
1217
1338
1408
1587
2075
2811
3236
81
41
1056
2213
2962
3016
237
3079
3021
3097
2170
2970
1201
1529
2048
793
2632
2493
1592
3090
1163
2187
956
3074
1759
2172
3234
594
2428
1871
292
2092
971
2317
1275
2647
3325
218
328
2504
329
2800
150
1722
5
2402
503
737
2893
2035
1838
1011
2900
3066
1944
946
1901
1146
1115
1223
823
456
660
3254
1061
2018
513
581
318
2955
2711
95
3040
1922
477
71
138
673
1432
1938
1738
867
1396
3057
1251
2026
43
355
145
2432
1154
1105
2944
507
270
2947
1655
3320
2229
533
589
367
1463
960
1556
3096
826
645
502
1313
82
604
2109
2131
2919
2379
2198
1456
2768
297
287
2703
121
1304
2175
1997
1695
1104
3243
1642
2858
1534
1294
2914
320
902
409
2873
2806
2152
945
158
2707
207
692
2289
1337
72
149
2636
3083
2985
1216
1747
804
3229
2517
2381
700
2193
335
2236
1902
1444
3268
3311
2791
1347
3080
2570
3137
1207
2526
842
2384
424
1121
486
517
2050
695
2516
2751
2360
1458
1019
3291
1730
1670
2272
2706
1353
1021
2988
2617
2872
2856
20
2365
2161
919
2108
1059
2248
2708
2355
601
1344
2850
725
2037
2546
281
2089
1539
747
2000
1719
788
1951
3058
1552
1185
2533
99
1378
398
1305
3228
509
2382
3072
2145
518
1718
572
2330
2891
104
2838
248
2933
2499
3237
221
995
3076
210
768
1306
1321
370
2704
2906
1140
1461
2618
103
2424
1626
1067
312
1742
836
1559
2040
514
501
1801
3067
1
1897
1501
1682
1688
438
240
3279
490
2591
997
1852
1873
1502
1837
3308
1651
2271
2960
1547
1493
1750
525
2489
326
2613
1959
2283
3177
1508
951
1031
2807
890
450
2682
3179
2263
2864
2149
76
1893
2083
2644
815
2620
712
1835
2604
789
2280
1846
2188
2332
1127
3081
2986
3230
1701
2989
1795
3135
2133
2855
1911
1454
201
2677
389
1339
787
427
2756
1798
1676
2556
2505
7
2194
1060
914
3063
2530
106
1714
276
990
1616
2915
1964
262
635
399
1597
2190
888
2716
3212
672
805
113
2953
1466
334
2111
1967
2922
2525
2044
723
3163
481
111
2634
848
727
1391
109
1888
1549
3161
2407
1291
2863
2156
3274
2287
553
2412
129
1909
1069
1520
2753
1841
2553
107
1569
3134
360
2659
2329
3310
1934
1917
801
375
1566
2642
74
1142
128
639
1698
3042
1457
3250
126
1249
3321
19
1794
3214
2454
2788
3305
2833
3180
1371
769
108
817
2126
2694
2627
2491
2503
2338
1538
3154
2658
3176
3133
3130
114
247
1279
118
257
1712
3085
2565
1183
470
1276
3123
1268
101
2088
2269
2098
2008
2930
1374
2992
3309
2957
2614
1393
160
2781
112
2907
3121
2990
2956
437
1653
119
1869
2745
1532
703
117
341
1972
1891
1984
892
758
1711
3292
653
251
