185
2567
21
3102
2879
1715
954
1905
722
354
2568
2733
2492
2090
1855
2223
88
1334
1632
942
1235
1667
225
938
2790
2699
3287
384
933
482
515
1037
1741
613
3005
2949
2218
2732
3104
1139
2877
2267
2006
167
873
2974
1073
560
3219
505
1946
1077
494
3047
1645
83
2240
2977
582
2495
1231
1027
1416
2931
2262
62
3295
2214
2816
462
2120
822
1778
3284
176
2450
915
922
1596
2275
1325
2679
2059
2134
2312
1210
430
1410
3077
283
540
2448
1660
2157
1311
2451
3026
17
989
1335
1868
1945
2578
1924
2836
2609
2911
1512
920
834
3224
575
1633
1671
1608
105
39
1179
598
1500
1624
1900
2904
3189
2685
3269
3101
2624
3247
1236
999
1514
813
659
1673
177
840
2984
713
1397
1638
66
608
413
781
170
23
2623
785
1243
1158
155
2399
3242
1429
1109
2794
1424
2559
98
1267
1614
1530
2908
89
2093
1947
313
2106
2890
2455
2144
353
2019
1746
570
1413
864
1802
1292
2162
929
972
2506
2183
532
3263
1470
2418
1252
1590
2033
908
147
941
2415
2205
350
2735
2886
3030
2417
2328
1760
2253
2319
3027
2952
2142
794
2564
1541
2542
1593
931
394
1248
1503
2045
1582
1853
2422
1006
3307
704
1803
1312
2575
2507
1041
3313
2474
396
2166
1054
1935
213
850
909
586
499
1476
1290
231
2518
2498
3237
2035
793
1690
975
3283
534
852
2917
398
1131
1852
20
2633
2572
1768
3142
1458
589
1080
1462
1720
2423
648
2811
1185
849
335
367
1216
661
145
1556
46
2919
2402
1732
2964
2645
2501
3087
1444
2248
821
320
960
2236
902
645
3031
1456
1275
2108
158
3078
2101
1167
2569
1467
3161
815
1538
1752
2990
1711
1329
3133
2864
1866
2412
341
1532
3309
1574
2283
1794
3180
703
110
108
2133
1454
2922
1466
1820
2543
344
305
2619
1244
2343
1055
732
754
1542
2077
1613
54
1931
474
2769
666
632
1782
3277
683
1783
9
3271
1762
2746
3132
1784
689
2548
1913
1856
2
943
669
3248
3089
1441
2724
1356
349
2313
2482
2366
2686
1345
330
674
3188
1129
3119
1455
900
1817
1004
1170
911
740
974
2189
2327
1595
272
1992
2335
2950
1685
1854
2210
2734
2464
304
856
3217
391
442
928
3159
1865
615
1135
2220
2074
379
2203
316
1271
1477
1094
2266
519
2844
3075
2255
2557
2776
649
2951
1914
2085
1988
2514
18
1870
1522
228
853
579
94
306
2284
2749
3240
3312
1212
3099
166
1285
2102
1885
3190
2796
2480
675
1120
3255
2848
2354
1664
1799
2471
1106
593
2651
845
1088
1376
2905
1973
889
3315
288
2372
3095
2041
2333
961
862
2687
100
2865
454
1079
1504
3238
1560
876
2413
1075
2467
881
1361
1899
3002
1384
628
629
50
1680
2874
2509
2896
480
135
664
2431
357
2583
2290
2869
157
1995
2870
2825
289
2621
1015
1546
677
1952
29
303
3316
1831
2257
434
551
451
238
2404
839
1219
366
1807
51
479
1643
2051
2420
2502
414
3198
256
878
2426
1228
3150
1242
2091
1818
2282
1640
220
2585
831
2641
748
2912
2586
543
1607
2401
2070
1422
493
1427
1118
735
295
681
2786
1625
1161
40
2872
939
2317
1742
282
104
1941
2593
646
1875
43
1718
1896
1682
1998
2632
1925
1124
2533
925
572
2365
3319
3080
2355
591
207
1750
2595
1666
2176
318
3096
3016
739
506
2858
1394
918
121
1688
2175
1626
1327
502
1670
2414
717
3097
1
3243
1093
1140
2955
509
3268
995
2272
2791
1835
1846
890
3292
1249
3177
427
1934
129
1142
2627
251
2503
1917
3154
1597
2454
1701
3042
801
2525
399
2126
160
2332
2753
623
3278
2761
2002
2128
3264
2772
2943
1433
331
91
2680
2566
2378
726
1568
1507
2692
3155
833
1287
2671
2155
1694
188
949
253
612
78
2842
3056
903
554
156
2857
3007
1733
2808
2754
1822
3003
1143
728
1721
2603
1815
1262
2095
2067
1572
410
3160
2841
2186
706
602
324
2693
846
1553
1739
3196
372
1729
1983
2500
2666
1543
2140
3267
1172
2558
2939
1808
3015
1631
2071
168
3156
64
743
1779
1308
1277
175
380
1237
1125
2561
1745
2755
1772
1196
3053
1250
2969
1137
2127
3205
3220
1509
643
2347
2058
2274
2238
2940
227
3303
3293
1849
2909
3174
1892
511
1111
1245
3050
274
1489
1084
690
1858
1904
1661
1215
3285
2310
2010
2512
731
2367
2425
685
1677
3210
1159
2544
1728
3298
1649
1737
3107
546
1274
952
830
3249
1637
1709
497
1588
2541
578
2767
1048
1417
1809
1845
714
3113
249
3195
1993
252
1744
3193
898
2563
26
3152
766
3004
765
2043
1487
844
2171
2086
2476
1790
3036
1151
33
2096
884
2748
784
3110
1646
1524
2195
3109
1906
3052
2607
1957
24
1053
1095
2222
3272
1749
2231
2180
1402
1610
3225
1076
2029
3044
1496
2727
597
2138
1421
2885
2923
3035
3011
2670
2667
3201
2345
3064
792
3069
2288
254
3049
3022
1611
1286
338
1074
44
3
2084
2551
22
3206
416
2400
473
656
1506
2468
3006
800
432
2368
2072
3276
387
368
3251
746
3289
1863
3326
374
883
352
323
2197
73
3108
3001
1184
2958
1589
2672
500
190
2453
3184
1930
3032
378
244
266
3194
1903
778
556
711
2160
1881
2104
2012
232
1123
2524
1968
3106
3105
687
1447
449
1769
1491
2600
230
3286
291
1431
797
2579
3140
1936
702
2818
93
2031
1401
1604
1138
2941
2082
1186
832
1675
810
2143
2773
1726
2669
63
1316
1687
325
1411
1652
2975
3055
539
3084
621
37
977
870
1628
3103
2243
1199
1954
1101
1241
2948
2928
1977
710
655
2979
2169
236
222
1392
2983
214
1134
1796
508
2225
2929
1805
1218
906
1227
2001
1083
538
2549
1363
1844
958
1191
2978
2042
1452
1832
2191
2982
1554
308
90
191
1969
2725
708
447
2747
618
2550
843
777
2094
697
1168
1063
2202
1847
2306
1141
52
2027
139
1383
3125
2030
317
2750
1788
3131
624
1700
182
1303
641
1415
970
2531
2837
2292
1515
634
1220
1615
1686
68
2899
3202
194
1531
566
1829
1113
2066
3282
2054
2730
265
1318
2034
1068
670
1449
469
721
2810
1204
1836
3294
411
2472
531
2215
1272
771
2452
1472
924
2656
1072
47
3060
2726
3304
2296
745
212
865
2078
2065
2731
1387
3273
1450
790
2995
1052
3039
3252
32
173
921
226
171
859
1221
3012
3211
1727
2673
729
809
130
339
28
1826
2301
637
2252
1691
484
3120
2447
3139
2315
2005
1033
393
1562
1918
2611
991
3232
3068
1280
573
1380
2207
1426
678
3146
3165
1488
2646
1098
947
1265
2932
654
3017
142
1045
383
1565
2681
1573
567
879
359
487
783
11
774
441
587
1018
763
2339
882
1166
2529
1797
1629
342
563
2496
1442
3244
564
3208
526
1789
2167
1545
1485
2752
829
3166
1990
3314
1283
80
762
1985
2246
2177
2486
1370
2631
3218
2965
584
385
2920
3009
1239
215
2295
205
1085
2069
1322
300
1919
1332
1302
1390
860
795
1247
3148
2902
2601
1102
610
58
854
405
1926
1087
1310
1418
2901
1309
1586
1324
3215
2610
2993
2771
3065
1270
2921
1478
2602
1970
2689
1683
3257
2314
1999
1446
3153
1765
1620
376
1771
2729
802
3046
2835
2261
1032
1110
3010
133
1753
504
1886
2845
1679
2153
1315
2249
642
3253
1020
476
2819
1256
1756
70
707
333
397
2713
1354
1307
752
1464
2441
552
698
2763
3318
2154
3147
2258
1907
1233
893
1425
2657
2316
97
259
2212
2832
1474
1278
1435
1851
1423
2740
3157
751
1090
1716
780
1505
2817
2721
2562
1147
1082
2809
2028
1890
969
1388
159
2278
2430
2391
2025
1014
2913
2798
3299
440
927
1116
1164
489
319
1921
1046
234
1516
3048
2606
516
3317
1385
1000
332
1525
1678
2344
957
541
638
2259
419
647
2408
3288
285
2411
1684
812
545
2815
84
392
2739
1039
56
2608
3241
923
36
1939
738
1293
284
1656
1785
1200
2318
2251
550
1571
2973
86
1103
782
2463
87
2814
2055
1857
455
742
485
478
2643
694
808
3118
1654
2184
959
547
301
555
2440
1323
293
2560
2918
3029
96
1693
1932
3200
562
465
2245
3223
2497
2132
92
2513
676
652
798
1475
452
2449
1026
825
1735
736
605
1949
371
1465
2163
1107
1536
3018
2963
2662
1437
1842
1132
203
2337
3221
1791
1578
425
2910
2616
2383
1419
1521
2112
542
2100
1225
2009
819
1498
811
1049
475
944
2945
412
1710
1162
3231
1937
294
1002
2179
3117
2612
3216
3019
2346
1326
429
2437
2898
932
1780
1813
178
2661
871
910
1619
2876
1494
2158
2629
2741
1222
1044
3260
2897
1042
245
3023
2861
491
2470
3128
233
2757
1770
625
1659
2701
2434
3270
1830
2174
3297
1155
120
2446
757
2099
2260
657
759
2954
1254
2580
2358
776
3171
268
1175
2352
1180
1787
1618
2232
1091
1810
2173
3233
2442
2392
1099
199
1781
1025
1754
2359
1203
1001
1036
1940
1081
2123
356
2539
3227
901
1887
407
496
1448
1375
1395
290
2883
2696
1178
2916
1948
791
196
1246
2393
1174
699
223
1373
255
3020
3124
264
596
3182
760
2340
2114
2938
337
688
1070
964
2743
219
2320
764
1544
1874
279
1850
2385
1600
179
3164
1743
3112
2458
510
343
1860
2660
544
1528
15
49
2326
2022
2959
1412
2389
38
3301
1928
1328
172
2936
1705
382
2698
561
1359
1346
2302
2510
2813
1579
3187
1119
1407
2994
2304
2323
1404
1372
2334
2937
530
1966
1330
1165
2403
1369
2652
2770
671
2007
1755
2760
1561
488
1211
1320
1707
2377
1912
192
2924
280
202
1577
1915
658
1355
3173
286
189
2353
1672
1513
806
1193
2793
1086
186
861
1240
3144
1379
2363
3158
950
3122
2209
3162
2895
3170
2268
2511
2341
1510
3168
431
1062
3138
1289
3145
278
261
2294
241
2804
1971
3116
1526
2535
1650
2342
1459
1089
2738
77
67
2867
2722
2552
1634
362
4
1314
2119
682
2309
1674
3038
2079
885
310
1078
3037
2373
2787
1933
1368
1773
2276
1523
2605
1839
1382
1406
1108
2484
3092
1864
1774
1699
136
2321
571
976
2469
1192
3000
2105
2889
983
665
2881
1038
1366
3203
565
891
1030
1205
869
3008
2439
2216
1717
2178
3045
2148
1981
1486
667
2554
2588
3025
2581
3226
148
935
2697
2159
2515
1908
163
1601
1706
2866
1269
6
2228
1213
576
2762
3258
1420
2371
2436
1100
2684
1405
2376
1468
2250
1824
2996
3259
1669
2020
2062
756
1848
345
600
568
1776
3167
2357
2192
3129
8
2410
1149
1702
2438
61
3185
250
2322
1621
753
458
866
327
1066
1557
1882
1471
1537
2737
2540
1689
3302
1114
3111
2780
1259
187
1823
2325
1400
663
2351
899
1173
2688
3204
2590
592
164
1563
2409
1960
390
2308
2888
2291
1958
716
3239
620
1821
2017
2460
2555
275
131
2997
2827
402
400
1436
3191
448
1319
855
2508
1187
2723
463
2576
2350
273
2208
1171
1017
1253
3062
1414
1438
3169
1409
3275
3323
2305
2394
1806
1298
2654
2777
599
195
1428
3222
2946
2053
696
3094
1258
1929
2571
459
2237
1133
1819
483
1381
913
498
1495
1365
2297
2477
1585
1603
260
2380
512
2766
2803
2233
386
2369
1377
467
1550
2256
2364
522
1331
986
2103
401
2799
2374
2068
1261
874
2494
940
1827
2778
2375
1403
466
1975
3324
2802
2894
2015
3265
35
217
1479
1555
1260
973
174
955
0
2805
603
277
2036
1867
2875
904
636
2878
1987
3172
761
2700
536
2465
420
749
1360
1916
183
1490
1581
841
2386
741
2779
1263
3071
422
309
1884
1058
2462
1460
2087
134
1445
611
2219
1519
2273
2419
457
2801
1594
786
524
336
877
3322
2388
2545
1953
1497
3028
557
1540
2097
1657
2718
2926
2021
948
622
2968
2244
3141
569
3013
1962
1150
3209
2116
3043
2481
439
1612
2311
2717
361
125
1989
2690
3014
2115
2668
1362
2765
1386
1828
1877
1024
75
616
1299
351
1281
377
2792
807
1005
3262
1570
30
3290
1297
772
146
744
1658
2331
1567
835
985
162
2270
2137
1440
2488
1576
1351
2293
1050
1034
2024
847
1008
2199
529
1767
897
2444
2206
2076
1399
1288
141
1317
25
27
436
12
1580
1181
2719
2596
2113
912
321
1697
962
2139
2577
1895
981
3281
1112
433
1511
1927
2935
1499
395
1010
895
585
2073
705
468
966
2843
2999
1725
1976
2226
2483
2597
963
169
2230
2967
267
444
2146
2822
2204
2797
2640
2182
1096
2882
2150
2839
2336
996
2714
346
2060
3093
1480
2124
2527
617
2298
2361
857
3280
630
1300
520
123
2764
122
1398
373
406
549
1238
662
1994
2299
1349
631
229
1190
2286
307
2824
1533
154
2370
492
2971
2846
2862
2047
1609
2396
363
263
60
1761
200
2013
2362
2523
3186
1996
724
1647
1264
161
1734
1950
827
1484
2224
1229
2521
858
2625
2637
1800
2196
365
311
1731
2728
2774
773
1986
2406
1943
2279
79
1357
242
1622
2592
2783
53
296
1064
1492
1443
580
1117
2534
2211
152
917
607
1214
937
930
1195
1630
2859
3115
3100
894
2598
1301
2736
3266
1226
1202
1040
446
59
2626
1605
2775
144
2003
2934
548
619
907
1834
590
1273
2023
2528
1535
2538
258
2300
965
684
1189
2239
770
1757
1763
2324
1136
2826
1696
1751
2599
1364
2475
2820
243
184
1663
2720
992
1974
302
2828
3114
2421
143
2064
2466
2829
521
347
2785
2622
2675
1812
1483
443
1126
1668
2165
2356
2573
1284
322
180
2217
559
2397
733
165
1232
1816
1517
982
1157
1681
235
1071
2129
224
693
2427
246
3033
2281
2181
388
137
14
1176
686
2485
2303
2880
10
2242
423
298
1641
1130
3175
838
691
2110
2121
2147
1910
2221
2398
799
2234
1635
453
1012
2520
2639
1859
2759
1198
42
2307
2649
1708
1758
1296
2925
2663
577
719
880
2784
1453
2927
1439
340
1009
2405
2235
435
875
1956
1013
2860
1724
609
1389
2715
2200
1777
2655
48
1208
127
993
3073
3034
193
2630
31
417
1333
1825
2185
1194
2830
495
2522
3061
2868
936
1057
953
1879
299
1811
428
1898
2254
814
2887
595
987
1740
2782
426
153
2487
464
460
2744
1923
1342
1920
633
872
3086
314
1343
1703
181
2151
3070
967
2063
2853
527
2049
2650
2443
1234
2664
978
206
197
1878
1786
1230
886
528
2961
2247
2574
2823
2847
1128
1883
1617
1257
16
124
369
2122
1880
2277
2061
2676
1965
1648
1122
1961
2264
2057
2821
851
1336
709
2435
2032
755
775
916
2678
640
905
1430
3149
2490
2594
2390
1980
2473
1558
3098
2665
968
816
994
887
3136
2638
34
2416
1644
2011
2429
2991
69
680
2125
1599
720
2838
1305
2892
2871
1056
2537
1979
3057
1730
1306
1587
5
2445
221
2387
281
81
1583
3300
2201
1861
1059
1341
1655
315
1639
3054
1304
2903
138
3245
3207
3213
1201
3058
2289
2536
2038
750
2107
438
1747
583
2499
408
2976
2424
2432
381
150
1991
445
370
1061
594
700
3199
477
1955
2164
514
1833
1251
606
788
45
2966
2004
2980
2856
2285
2516
1662
270
1539
1021
3072
415
1154
3074
95
3051
2712
3067
650
2461
601
3254
456
2382
149
1177
1266
2271
824
102
3183
1146
2900
2587
1642
3308
1451
2962
2519
1944
2709
2109
1840
2751
3143
2834
533
1255
1104
1043
842
998
3229
1738
501
1115
3137
1097
1723
490
984
2711
2584
1534
2704
1209
1838
2893
2040
3041
1951
1871
2092
1518
644
3126
2944
1584
828
271
660
715
2048
979
868
2135
513
2379
1942
211
65
1396
140
804
2517
718
103
1163
971
1207
517
818
1493
1598
2947
1501
2046
2702
1121
2710
2653
2131
747
837
2168
292
3127
461
1901
2972
2970
1897
2493
55
1153
2504
2582
1552
1922
13
997
2360
2433
1224
2914
2591
1775
3311
1206
1344
1997
2942
867
3228
1035
2589
99
668
358
2706
3234
558
2850
404
1408
1350
1748
896
2636
2648
2800
486
2891
3325
2840
1814
1337
1188
796
3256
2457
1766
1872
1358
3066
1636
2695
355
695
2981
1145
1367
1282
3090
2884
1047
2526
826
237
1547
1559
537
1837
518
1665
2000
1793
71
1223
151
248
3178
1156
1338
2742
409
1003
1067
2193
1473
3083
2136
3040
2075
3076
218
1804
2812
1105
297
2691
725
1023
1022
1876
2532
2130
988
1602
1801
1527
523
2873
1695
209
2647
1092
2960
2187
614
2705
2117
239
1461
1160
3151
1736
1889
2141
2459
1529
692
3197
329
779
2089
2330
3088
1548
2933
287
1592
1902
946
1011
2708
3261
1692
2229
1591
2172
132
1352
1463
673
1144
2348
269
2395
588
2037
2707
2906
2081
1759
2615
2618
737
1051
2170
1197
1873
1016
2118
651
2056
980
2152
2546
2198
2988
1169
3235
2831
1651
3091
767
2052
312
1963
730
1713
1482
1764
2050
418
2026
1019
1894
2384
82
507
503
768
1606
3291
2018
1938
328
803
1347
956
945
240
1627
2039
1862
1321
348
2213
2349
1182
1843
1502
2806
604
72
1348
836
1152
2703
581
2849
3079
2014
41
2145
1722
3192
2381
1434
2478
919
1623
1719
823
1007
2428
1378
3320
3279
2456
734
403
216
210
2985
1217
2854
2617
3246
2227
1065
1575
1313
1481
2768
535
364
2795
1294
1353
2570
574
3059
208
1432
57
424
3021
2998
3024
3236
2161
627
113
672
679
2674
2287
2080
2111
2553
3274
1549
3123
1339
2659
1698
1291
863
481
74
115
820
2565
1869
471
848
3306
2280
2156
1276
3121
1909
3230
7
2263
712
1457
2016
2758
2992
114
2756
360
375
2088
1391
2269
2989
1127
1393
2642
2008
2620
2098
1148
3310
1031
653
2407
257
2682
2265
1792
334
3135
1029
1978
2044
119
76
2986
1374
1712
1911
3305
914
758
118
951
525
128
326
3296
107
2241
204
1984
635
3130
3163
276
2644
934
2505
990
1340
2694
109
2807
1964
201
2530
2956
1967
470
1183
2604
1616
727
2628
262
85
2781
3085
1569
626
450
2083
116
1653
2953
1888
2149
2745
2957
1520
2855
3134
2658
926
472
1972
1676
112
2930
3250
2635
1841
2329
1469
2863
2338
1893
2851
817
101
3181
723
1060
2789
2614
3179
1371
2907
2489
2788
126
19
1704
1798
787
805
2491
117
421
1279
789
2188
1028
2634
3214
111
701
2677
2716
3212
2683
1069
3081
1551
1564
1795
2852
1891
106
892
1295
247
3321
639
2987
2479
2833
1508
2915
1714
769
888
1982
389
3176
1566
437
2194
3082
2547
2556
1959
198
2190
3063
2613
1268
553
