1411
2002
2202
374
416
1729
1215
2191
3188
2748
1749
54
511
2940
943
2733
2929
2180
2476
2143
1048
1218
33
697
2541
1095
732
2724
2672
1881
2223
3264
1845
73
1250
2027
1489
1237
168
1930
2773
1262
643
3069
78
2010
2343
1649
618
3287
634
2836
47
893
567
1326
3077
1082
2965
2662
285
795
3147
860
738
2750
1385
1309
3068
3131
2844
2028
1683
1166
1162
3288
1113
1256
3153
959
2681
1027
1620
3218
3299
652
1791
494
563
1307
62
1595
555
923
2009
2973
2899
3284
1765
526
215
780
1233
2713
2731
1072
1046
819
1521
2237
3312
1331
3162
2905
2144
3144
177
1246
2250
1203
1445
1109
855
2103
665
3129
3169
3270
155
38
2698
3275
1490
2848
1802
2334
1211
599
3158
1528
2624
2308
2099
336
163
2413
2353
1459
1178
2470
3138
1395
1413
386
2660
1874
688
2015
1406
2350
2209
983
343
1205
2802
1044
999
2377
664
885
448
245
89
2576
1526
1263
1702
100
749
1878
1910
1898
2573
1386
607
709
2319
414
1994
395
838
154
733
1644
569
2717
1541
2912
887
2759
1050
2023
200
2821
1935
816
1751
2235
1006
2542
1834
123
2426
314
428
16
1760
1974
242
532
2853
2076
1150
1257
931
807
161
2011
1202
3028
197
1040
10
662
1880
2847
2137
909
2650
3033
2564
2217
322
985
586
1145
1502
2806
1759
534
99
1896
1793
1688
3320
2035
1206
2161
826
1153
1394
3021
1092
1591
2201
3279
3096
1718
2109
2695
2136
956
3197
2893
208
1115
1501
2457
1548
506
145
2092
1047
1587
348
1347
2834
2933
2519
1941
2248
20
1408
2900
1482
2632
3016
1592
1942
2360
1481
2118
1224
1902
2614
525
126
2565
1711
2658
3181
815
3180
1712
2930
3321
1569
1984
2190
119
1538
723
672
204
2329
1249
74
2852
1893
1467
2568
1241
954
1782
884
1554
325
2979
689
1737
3195
952
602
497
3285
2345
449
2558
1184
2368
3052
380
368
669
3194
1037
613
1983
1858
1496
230
2754
883
3036
539
2482
338
1199
746
726
323
1542
2072
1401
1447
2512
3156
949
3205
2104
56
1098
3317
3046
2730
1836
178
2898
182
562
2673
3075
1865
1854
2472
379
1000
969
2913
1937
540
642
1450
774
2463
1004
564
2132
3009
3257
1220
610
1315
3215
1505
865
1419
1425
1068
2240
3295
1949
1985
3282
2951
1020
2295
32
2346
2339
1660
1488
582
707
11
2220
3026
1354
531
2813
1236
1634
3302
2458
491
223
3203
1581
1839
3168
869
1240
592
2494
420
2375
2938
2062
3128
1192
1707
576
483
1070
2455
1830
598
1404
2894
463
1882
1062
1108
1187
2762
2323
1429
1673
2741
1504
620
2460
901
345
2688
49
467
764
1120
2924
2294
1561
2393
268
1933
1614
1261
2372
1171
3111
2696
2268
413
3008
753
785
1058
1165
3242
2859
2427
3034
1296
2064
2626
2181
3061
152
2522
2444
1013
213
1995
886
3136
2097
1071
2597
1582
3073
2415
1535
1232
51
3186
972
124
1362
2406
75
744
894
1590
2139
1740
2952
2534
1342
2279
347
2003
996
2151
1976
590
1777
2483
2401
307
1349
3209
773
1895
1219
3098
2073
453
3030
1831
1034
2418
2961
2183
1012
1786
988
2330
902
3051
803
1655
796
3090
601
648
1352
1775
1255
1651
438
1997
2706
3311
381
1938
1169
2428
2108
502
367
45
2742
750
328
725
3256
668
1642
1163
424
151
574
1750
13
1606
211
1736
2501
1871
1216
919
95
2014
823
1662
1338
939
1223
2381
2873
1348
149
3024
2966
2642
2922
769
1329
820
1127
1339
2907
2990
1934
3130
712
2620
2753
2133
1792
2111
1835
2263
1564
1616
635
2505
863
2156
2851
1074
2978
2600
1491
1855
1274
2140
1637
3248
3293
655
3055
1739
1588
474
1632
2693
830
2274
1675
175
1604
2096
1863
690
1631
1134
2909
2067
2524
26
2095
2543
777
711
623
2082
1139
685
1277
3219
2767
324
728
2549
3001
2818
846
710
1913
714
1186
3035
1125
1235
384
2171
3011
2031
3267
3053
546
387
1487
2857
331
24
508
1244
1832
2058
3004
266
252
2607
1572
3050
674
1553
22
1441
666
1790
2579
305
3103
3201
473
708
2725
683
500
2671
3298
3152
2666
1856
1610
349
938
765
2195
2310
185
1957
2975
236
44
1076
1741
2746
249
3064
3160
2453
1931
354
3
3006
2197
3003
2670
515
2
2974
1628
1433
898
9
538
2567
2879
1055
2238
810
64
656
2842
2006
2186
1903
2042
2086
870
156
93
2001
225
1849
2029
706
1977
2218
291
3193
1613
3056
3005
3107
722
942
2544
2160
3210
2155
3174
3104
597
2761
191
687
3196
3132
1506
2941
3105
1137
188
2943
797
1772
1805
2939
2727
1245
2138
2225
2769
1762
3109
2288
2747
244
2090
1083
554
3289
1715
1687
3277
2347
3251
2969
227
1779
372
1084
632
3272
1936
2043
702
3106
933
1808
778
1652
2732
2699
2425
621
1452
2982
1733
378
800
3049
3113
2468
3155
1904
903
3220
1784
2983
1677
1589
2563
432
1524
3276
754
766
3225
1063
190
1111
2084
3249
2692
2492
873
139
2169
2948
2877
1172
1646
1721
2243
2566
1421
2550
3206
2603
52
1334
1138
2378
3032
3084
2400
1363
3022
2012
1073
3140
2306
1316
447
2551
3089
2841
253
90
832
1744
1507
1159
2231
1906
1968
1417
1191
1661
3326
977
2128
1151
3044
2561
2222
1543
1568
3271
63
578
958
2885
2071
1053
1726
3007
254
330
2619
167
2313
731
1402
1815
214
222
2958
2127
344
1709
232
3184
37
3015
274
2367
2548
833
2500
308
1287
1123
2669
556
843
91
3286
1822
3102
1783
1728
3303
1101
1667
906
1611
1905
3278
1143
2928
2077
2366
844
505
1847
2923
1694
2772
1796
1769
1286
2267
1993
1969
784
2094
1356
88
1308
410
2667
3110
2686
352
2949
2755
1227
482
1383
560
1820
3108
1892
1745
2680
21
743
1168
1954
1809
1196
1345
1392
1509
1431
612
2790
792
1844
2808
1141
2910
133
1280
84
2212
1785
2450
3217
1536
3148
2837
194
2249
1045
745
300
3139
2611
1797
2337
3318
70
900
441
412
2167
2921
1926
3039
36
2963
1727
359
2562
1390
2931
974
2977
376
487
1596
3252
957
928
411
429
1293
1310
2440
3244
265
3146
2529
2275
2448
3118
802
811
1573
1170
2689
516
2246
2809
1771
1686
130
1516
2005
2497
1210
1615
2296
552
1472
1335
2601
670
2054
1531
829
2157
2112
284
97
944
542
2251
605
2609
1085
762
3065
317
1475
736
2315
2464
2383
228
1654
924
3166
2134
751
1388
1684
391
1988
430
469
2752
2945
2245
2034
2441
1324
1700
2327
1332
3157
856
1478
854
853
763
2616
2318
2189
2437
654
2344
2215
1921
2531
2030
3029
1435
465
333
3231
1410
2278
2643
615
2495
392
319
83
393
947
1164
721
782
1629
2316
3304
1271
2430
2069
1485
1231
3019
2918
1946
1270
1002
2312
2292
1656
1886
1710
1691
173
678
2657
316
547
385
3117
637
1303
2815
771
2262
1813
3010
2911
294
2055
1323
921
2661
1094
676
1678
1586
1817
550
1525
3012
1103
2059
2845
1826
1919
3221
17
2557
2496
2726
1842
2065
1829
489
339
1102
3017
2514
2835
234
2993
3125
2074
1204
1455
2179
159
2771
1474
783
698
2210
1135
624
1272
812
92
1278
1870
1999
1522
1992
2578
2452
1415
1778
484
2203
2184
2449
475
2798
989
1110
1014
2602
1735
1247
742
2608
462
1322
911
2816
2301
3294
2207
1370
3202
405
1914
2763
579
142
541
293
1437
2902
584
80
3273
2451
2486
3216
1477
545
2391
205
915
18
1464
790
2513
2255
2656
2679
1545
2920
729
383
272
2100
2734
2740
28
1032
3232
809
2932
1380
2120
1318
2832
1311
2721
171
2560
2025
647
1387
641
3200
58
587
970
1449
2447
1578
86
694
2817
3060
1716
2314
2631
2901
3048
519
2612
1990
1049
3159
1562
1868
2177
2153
1756
1465
1924
504
2078
825
3211
485
1416
1851
442
2335
2646
3253
1090
2252
3119
798
752
2259
304
3018
822
920
1225
1918
2776
1446
991
1788
859
3241
1302
649
1283
2408
1780
1147
68
1200
1039
440
1907
176
1945
2261
1789
1239
2606
96
2085
1512
882
566
1970
419
212
1418
455
1685
425
203
1498
2214
1018
1515
2810
2258
3047
87
1932
1052
1132
922
2739
808
342
2066
259
1116
332
2266
452
1939
1077
1693
478
2950
573
2411
1890
1026
1442
927
1565
638
476
301
1265
283
3223
1645
2814
2729
3165
1857
2610
740
2154
397
1087
1423
932
1753
371
3120
3208
1033
226
1129
1426
2995
1571
1679
2819
1325
1107
1221
3314
2163
879
845
1672
2916
2228
910
217
813
2874
196
3025
2623
164
2511
1397
2322
2442
219
1438
1929
1958
2779
1806
1253
864
2232
1867
1987
600
1359
1659
671
286
2297
759
277
2876
3124
973
148
1078
3185
2399
1519
66
3170
2389
1468
2723
2123
964
756
2388
290
841
2908
280
1885
3101
264
2737
98
1774
1373
2508
1314
2438
3000
2778
199
77
3227
2484
608
3323
8
1114
861
2410
3189
2178
2357
2469
3190
3112
1608
1088
2684
353
757
806
50
1260
1375
1448
3255
571
2510
1819
3172
480
1267
658
877
1400
2793
3038
575
675
2352
3222
1743
3099
2087
1403
1099
696
2889
1900
1038
1372
1523
401
2053
1755
786
1899
2380
1081
1075
3173
0
1377
3164
1689
874
134
1887
1746
261
625
2946
1328
15
1368
1346
935
1537
2580
881
699
3297
2273
1042
2581
35
1025
255
2376
466
986
3324
327
2431
2787
1213
3020
2233
195
1594
950
1486
2803
2374
899
2959
1193
131
2434
1066
2148
876
1382
3171
2462
776
136
2106
1436
1860
1269
2994
1298
2757
561
1119
2539
241
3322
1017
288
1500
2291
2305
2954
2022
1848
1173
1355
2780
1514
1133
2256
1953
2545
1799
2467
1928
1579
2509
904
1705
2796
2890
1908
1555
2385
1479
459
1414
2867
2777
2738
891
1810
629
741
3247
2590
250
275
3045
1409
3116
1259
1180
1106
1550
278
2359
2760
2409
1916
1981
1405
187
1557
1243
2173
659
1179
3092
2419
1650
2805
3239
458
2997
3037
3233
2651
39
2799
1384
105
2320
1960
1428
1030
1100
2309
3187
2446
2685
2700
862
2554
2866
1379
3301
2216
1781
2302
1680
1079
1915
189
2480
1089
940
667
2373
522
1824
357
1365
1850
1717
2605
596
1258
1381
2937
2436
3238
2471
202
1618
1149
2897
2219
2192
2036
1973
2996
2358
2333
2364
913
834
1155
309
3240
2017
1947
1971
524
3191
1563
512
310
565
2652
2883
2341
407
233
2794
2654
544
840
2629
2888
889
1601
2895
2540
1577
1948
2068
313
2535
1376
2371
3122
2105
1621
1638
2878
1361
536
2019
2340
2804
2827
976
2208
337
1671
1460
2896
67
260
498
1884
2552
1222
3094
3224
1366
1360
1544
1603
1699
356
2369
179
1633
663
657
431
2386
866
2984
3226
192
400
603
530
1754
496
1560
1510
454
1513
3071
3315
2588
1320
2555
2119
1600
1585
2875
3265
628
1940
1420
716
1827
1823
2392
2284
3095
1674
362
1669
1495
273
570
1319
2276
2936
3182
1975
568
4
781
61
2770
2326
611
2687
1706
2158
1471
2904
1289
2114
2722
1966
1864
2801
2325
2394
1912
1174
636
2749
3260
1821
2260
382
1212
1369
3259
871
3204
2701
1787
3258
1664
1158
510
422
1091
120
3002
3167
2304
1624
2020
2403
402
2697
135
94
1086
761
1424
170
791
2041
1494
488
1254
1285
457
1776
2583
2766
1619
2007
1001
2363
174
3269
2559
760
955
2102
593
23
1330
2743
2342
279
682
166
6
2159
713
2079
1770
961
186
1175
306
2881
1036
2865
1530
2477
2439
2354
2174
2861
183
3062
1773
1412
172
3145
2321
3023
2351
1407
2515
2571
390
2465
2093
1812
1567
2013
1708
2927
1980
2300
2577
1024
1297
125
2728
2868
2676
157
2293
394
1859
858
2362
1681
2830
2226
2270
1005
79
1189
580
1657
2142
2822
2869
184
987
165
258
799
630
2298
1640
719
2639
366
169
2121
246
2370
2253
361
351
2150
2473
1430
2820
2303
25
1533
1540
2538
2204
2774
2585
693
3013
1877
2575
2764
1927
1301
1284
2641
2786
1343
2665
40
1176
1126
691
827
2063
1612
2637
1635
2091
439
839
2718
2420
1517
1731
350
1546
1630
1484
1292
1008
1136
704
1230
1703
2668
2715
3307
962
299
2070
1920
2281
1811
2429
377
2782
1724
2826
1057
2882
527
1064
1364
1962
1238
1725
1816
2230
2935
2622
1617
296
521
122
2361
2690
1593
243
2045
3263
3114
1333
2925
3115
3014
2113
3280
1663
1351
543
2254
365
2797
493
2417
1439
2115
2122
1599
34
2032
895
2244
388
847
1010
3150
3100
30
640
2521
3086
2435
229
2057
137
2991
2110
2021
1281
1696
1825
2129
2299
2162
1157
2598
680
2506
1570
1668
916
619
263
1952
1427
14
2051
2147
2870
705
930
2404
529
1807
1763
857
681
146
1453
617
585
1312
1853
162
953
917
464
851
417
1943
941
2784
406
2146
69
460
1015
1476
443
966
1580
3198
1122
1480
2221
1009
2640
2286
2775
2234
2033
1965
850
1499
1558
479
2828
59
1161
1803
2488
1422
2331
2290
2719
2825
1470
220
1443
936
295
369
42
1800
444
2475
2405
127
1576
363
193
1607
1228
772
1883
1950
31
1226
2596
2282
2185
1697
1054
346
520
2594
2527
2592
1190
557
559
1118
495
929
982
451
1956
2205
373
2839
2765
2125
2714
2398
3175
2307
147
436
897
3149
1194
1399
1299
814
2638
748
1440
2257
2490
303
1130
2116
2239
2823
963
2206
468
1643
1288
1300
1208
1625
2024
2311
3316
549
2971
794
3027
1195
1622
992
2621
1818
2060
2049
2846
2443
622
2324
2200
2934
143
434
2843
2999
1492
595
1497
993
2586
435
1503
231
1242
2967
1117
29
12
2735
2466
875
2968
3093
1317
2678
2744
3266
2523
1112
311
616
2792
499
831
302
224
2664
1128
60
2336
2785
2196
1214
2061
235
1609
1198
298
2474
2880
2356
755
2649
2416
2328
433
2502
677
1828
908
3281
770
1252
492
144
1264
948
878
609
1041
2655
880
27
1398
2599
2663
1181
1511
1647
238
153
2625
912
3141
3313
2224
775
994
2277
2390
2211
1357
2720
2481
548
2736
1757
551
2487
724
1248
1096
2421
2887
633
1734
1986
968
2397
446
1961
267
340
1234
2926
2520
835
256
2422
2396
2824
2829
3070
981
905
141
1758
1648
53
1336
2264
423
1767
3043
1879
2182
2528
577
2485
2165
2630
181
1483
1761
907
2862
2199
180
2247
684
1389
686
2675
1605
872
321
2518
396
1923
3262
3290
206
2124
1229
965
631
937
2166
2783
1290
2507
48
289
1641
2047
1989
735
1996
967
2860
2574
978
426
528
1658
1273
2886
2242
1201
2988
2705
1979
2942
646
3183
1209
2981
1963
2271
1444
849
3261
734
2170
2145
2985
946
767
3207
2000
1011
804
3057
1
2164
3308
2980
591
1434
925
788
270
2582
842
2532
2117
2647
606
2636
2711
2587
1875
1167
355
1862
2976
2272
3087
3083
1598
1720
2175
2791
2751
818
1602
2423
418
2056
210
998
1016
239
1991
1461
2039
1188
2768
2046
3319
2285
2648
945
3229
692
1764
2395
1493
717
793
2633
2317
2379
287
1124
312
3031
2960
2478
1396
2831
2187
2645
1177
975
140
1344
509
2972
1294
3192
2615
1019
1367
1666
2691
1341
594
960
896
1473
3126
737
2850
2289
3059
2349
3243
2707
1768
517
730
3237
408
1840
1901
102
1007
221
315
2089
43
2107
1583
2800
2840
1547
2135
2227
1105
1462
1104
486
2906
2433
2903
1838
1140
2152
2653
1321
503
240
1639
971
2365
2593
979
237
1035
2703
2004
1814
2871
1207
2382
2456
1742
3283
2402
2517
158
370
651
2811
535
518
2168
269
2709
1801
2198
1951
604
2872
3088
477
248
779
523
2570
1730
720
661
2998
3072
2572
1056
3300
57
1695
364
2461
1559
2424
1925
589
1897
2130
2355
673
2858
718
2595
821
695
1889
2504
1097
768
2348
537
2955
1713
2038
490
207
1665
329
1378
1051
660
1738
3236
1350
2131
852
3235
2493
614
1152
627
1456
2704
583
1131
3142
3151
1358
2018
65
132
3074
2795
1160
995
1337
700
1304
216
1463
1766
2584
2081
2812
2569
1080
3091
558
55
836
2213
2075
2891
828
3234
2533
2141
1217
2236
1061
501
415
2101
3246
2384
138
1872
1804
2387
581
2892
2970
1529
3058
209
3041
1723
572
1626
644
1944
1458
282
2498
3076
1876
1313
46
271
2050
1955
82
1121
2917
2176
1843
1022
2193
1584
3143
1003
1251
2048
103
3127
5
2838
507
1833
1353
2546
2172
1282
2712
335
1922
3080
3291
2947
403
2526
150
320
72
3066
2414
1692
1623
3178
1852
1182
445
2856
747
2618
1154
2537
867
650
1527
121
2884
2710
1873
2617
3078
3097
1690
3054
281
533
41
1722
358
1021
1023
461
1552
1432
3245
2591
404
1043
3254
2962
3199
1146
3268
837
2849
3213
2944
2702
2589
2516
1732
1837
1059
645
1306
104
1266
3228
2052
1747
2459
2536
2914
824
715
1451
984
1156
1534
2708
2432
1197
318
997
2445
1575
514
2499
739
3325
409
1327
1627
218
456
1144
3040
2026
297
398
1670
1636
1275
1894
2964
292
81
1861
2037
3067
1518
1305
2919
1719
2229
1998
1539
1093
1185
1748
513
3079
71
2040
2854
868
980
1682
1556
1067
588
1065
918
3137
2863
1917
817
1959
113
758
1391
679
2644
108
1869
2556
2088
2628
427
1549
114
888
1029
1967
1566
639
727
3177
1268
3214
2412
1704
128
1891
129
3154
116
1371
3161
450
472
1060
3085
399
198
1028
2454
890
3176
257
1520
1508
2716
1148
3309
2987
2659
1714
2992
110
2694
2530
2407
2634
2547
626
3123
2674
3135
106
1909
470
2489
109
375
3081
2479
3230
1972
1653
1701
703
2627
1457
2833
1532
117
3212
1374
3121
2525
247
2915
2332
3310
1866
3042
801
2604
3274
160
1291
3063
2864
789
1454
1978
3163
1279
1982
3292
2635
111
805
1340
3179
2745
112
2553
2953
2683
1798
481
118
3250
1795
1794
951
276
1574
389
2083
2989
2265
1698
262
2781
2613
334
1295
1276
2287
2280
1964
2758
553
787
341
2098
2682
1469
1142
3134
2677
2756
1846
2008
7
421
1551
2986
934
1752
2283
1183
85
3305
2044
2956
701
3133
990
101
914
2789
3296
1393
1069
2080
19
2188
360
926
2194
2338
653
2957
2788
251
2149
471
2269
326
2855
107
848
2016
2241
2126
3306
1676
76
892
1841
201
115
1466
3082
437
2503
1911
1597
1888
2807
2491
1031
