2929
2243
410
2029
2343
1769
2031
3220
2313
37
3105
3049
1345
331
2958
1721
3251
655
2693
2603
225
674
687
2732
2367
1048
168
91
2568
190
1262
52
3
2197
3193
2940
883
3003
2231
2347
1334
3278
1783
3271
2748
2566
175
1808
2195
3108
1890
923
1836
391
1868
1385
1233
3153
316
3146
2514
2318
3118
2616
579
2910
1210
922
1072
440
552
62
3046
1170
1225
921
2901
2673
2430
879
2009
1309
2030
293
2920
2327
721
2562
1014
1477
173
1691
2065
2513
1918
3202
1256
649
736
1512
2734
2112
3217
2212
1780
212
28
2220
927
3138
1953
2700
382
1243
1908
2358
2651
3260
1372
1236
1633
2308
1058
488
657
1948
2323
3270
2369
3071
1975
2359
1365
2007
264
1479
353
598
1178
3171
1405
3224
565
2881
2377
2588
39
869
2888
1544
2875
290
1086
2684
420
2804
2876
1689
177
1494
67
1504
2389
2375
1089
202
756
2766
1075
2796
1368
561
512
1468
174
2036
94
3144
186
3100
1725
2362
633
1422
220
3027
2534
3186
2744
2401
2502
1214
1761
609
1198
850
686
1190
872
2429
2934
616
124
2146
53
1292
12
200
1296
2626
835
2328
1483
1605
2690
2298
2121
2967
2598
3115
2622
1757
1994
894
1312
2518
3028
51
2390
693
2045
1703
929
1238
1622
916
2361
847
2720
79
617
2822
2640
1398
2961
438
1358
2582
1255
312
826
3151
3040
2854
2569
1938
3072
824
1814
3192
767
1432
1636
651
2168
2587
1124
2976
2271
1011
207
960
2711
1801
1548
2414
2892
3016
1007
1121
661
3074
1061
2170
2871
725
2046
2636
1775
248
3083
41
2751
1955
3291
1154
2856
984
2591
1327
1481
572
1804
3051
1469
2491
108
2682
863
914
1127
2855
1792
2674
1340
481
114
2008
2613
2553
1795
115
1183
198
126
1964
118
2194
76
2525
3272
832
669
3276
1244
2225
2761
1649
3210
1084
1111
2095
2558
1611
2550
2790
3303
2138
3044
139
3001
1782
3225
3326
1402
338
1715
2155
778
2733
2767
2724
88
2202
726
78
2671
2579
1568
3110
2378
3264
2549
1286
1977
449
906
232
1308
1588
83
1020
1937
2163
647
419
2100
2771
3317
1370
2817
1018
2251
1886
455
96
47
2945
740
2729
1002
2837
1293
3223
819
928
411
272
56
1418
1788
32
2472
1102
462
1505
87
915
1425
2154
1085
294
3068
2464
3208
1945
541
1388
2977
3026
1857
1949
133
1791
3200
2995
2214
3273
405
2741
2020
2357
1158
2937
2465
431
1500
2158
658
1850
1263
2363
636
286
362
1601
2102
741
3189
874
620
2509
2178
1260
1366
1743
2354
781
904
1319
2576
2350
3124
3112
3045
596
2062
716
2410
3099
950
402
2867
1787
1253
2388
496
901
2737
1173
2372
2895
1947
877
628
603
759
785
1824
454
2462
3240
2325
498
3170
3116
1916
3101
1369
1176
1194
1497
1112
2051
141
1064
814
2825
3034
1015
630
1803
1202
2405
2828
3149
1013
423
2293
2952
1010
147
1708
619
1643
1986
1012
680
60
2820
2573
1786
243
2211
3033
3136
2234
917
1812
858
1965
1818
2542
1122
1612
1576
1644
3141
709
1567
1117
1831
2843
1041
1895
235
2475
433
2064
2427
2882
1974
3263
691
1161
3096
533
1602
3088
1338
3243
2152
13
3021
2382
3142
517
239
747
1998
1979
979
849
1742
2985
2966
2501
149
2004
3067
1160
2742
1598
2873
2107
1163
2428
1626
282
660
103
1666
2998
5
2198
1321
2589
2572
216
2075
971
65
1206
668
2330
1275
1461
919
946
648
1662
1951
2109
477
2614
2659
723
341
1454
2156
2907
805
653
1569
2329
2694
2265
2986
3130
2489
2851
2990
106
2658
2111
2634
1276
2133
1676
3230
378
2725
728
3293
2567
2127
2877
1073
2180
2841
1554
2071
214
354
3194
1822
2666
2548
1845
473
2747
2669
73
191
1903
305
1159
1447
2727
3113
1881
3155
711
3249
432
3107
2267
708
64
1151
2067
2544
1762
846
1506
447
797
274
2672
1227
1063
1572
508
685
1993
185
1847
3206
1737
1677
2010
380
3022
3287
1241
765
2140
1383
1125
2223
2186
2012
2002
1496
2978
1931
1433
474
3035
1652
2345
1356
1930
1646
1491
3195
1728
291
546
1957
266
1687
683
556
1589
1287
766
1784
2969
3196
90
2754
746
1906
515
227
3289
384
1237
1553
252
1628
54
777
253
44
2082
482
2306
1858
844
1524
236
188
330
368
1741
870
3152
352
2600
344
1863
843
1076
3053
2058
1637
1139
3277
1417
1507
1199
511
1431
1542
2453
3011
1905
323
1968
3102
1421
690
706
2923
873
1667
3132
3205
9
3286
24
1215
1745
830
618
2979
2561
2563
898
3201
2476
1074
2808
2160
2524
1184
1954
1733
1316
2042
1820
1744
656
244
1709
952
1137
2948
2086
2500
612
3285
2909
1123
2310
643
942
3184
2143
3298
1487
2400
2982
249
2512
810
1452
254
416
754
731
784
1904
2171
2492
1790
666
2885
1726
722
2941
2128
1832
167
958
1411
3084
2
2541
1101
1172
1855
2169
497
2670
22
3006
308
1969
2769
954
732
2983
3267
2043
2222
1632
1675
697
560
3064
93
1509
505
2818
1274
1936
3109
26
933
538
2006
500
884
3015
3007
3104
554
2857
2943
156
2425
632
1604
689
2274
1143
1543
1661
903
3248
2218
1218
714
2543
1392
1631
3174
2468
1401
2368
602
597
3055
1053
1363
613
1983
2928
1191
374
2974
1856
387
1772
621
3052
1168
222
1729
833
1739
3160
325
230
2949
2692
33
1805
2077
1055
2667
2551
349
1809
1815
3103
943
1844
2027
3140
1796
1037
792
1134
3188
2755
539
3219
1095
3036
2772
2842
2680
938
800
2975
1138
3050
1141
949
1779
3005
1196
1083
2238
2094
1441
3069
21
2746
3004
710
3089
2288
1186
1849
63
2879
1913
3106
702
1250
3032
1489
1245
2191
3156
578
1613
2096
2104
2001
2773
1235
1892
324
623
2699
2084
2482
2072
2686
2619
743
2607
1277
977
1749
2090
1610
372
1694
3056
2366
2939
2167
1939
2951
3120
205
2646
1332
130
301
3029
2278
2266
2689
285
932
70
2836
3299
542
1629
1771
1678
332
860
2898
2339
2608
441
1426
1474
516
566
3288
1278
3018
3065
3048
2411
1710
1515
176
2408
1645
3075
1324
2066
1615
2449
2059
1455
865
582
3231
2816
3119
1318
3232
300
3215
2120
2134
1988
1756
442
80
429
2005
92
1727
1498
1685
562
1270
3009
159
3295
1000
385
1052
1525
1204
2335
605
1700
2973
2601
694
3019
3159
2752
2249
2721
2259
1536
959
226
1410
610
2441
1985
1683
2074
1129
2316
2085
1932
1654
3117
3294
359
1049
1390
1416
265
1090
2932
2312
2662
2215
1785
392
856
2153
2440
1221
1322
2814
1326
1926
2529
900
1990
1586
317
2497
1147
652
2899
1826
637
178
2207
1914
2055
798
1423
853
68
1919
504
2845
3166
3304
194
1026
2383
2189
1272
1478
2275
2210
1521
2844
1265
2184
1842
1620
1302
215
2740
2679
2262
808
234
487
2496
3253
2132
2965
2681
469
1135
1656
1415
2609
3131
2763
1921
774
3012
319
3318
1419
587
2631
3148
642
1545
1660
2810
859
2918
3221
2643
3216
1446
1307
2495
2931
1573
2203
1200
2252
1475
3077
1464
1765
1113
3157
1522
3314
1247
376
36
2157
465
476
2602
1323
2739
2292
1865
1992
2451
567
1684
707
584
2610
97
1387
2902
563
573
1516
1851
3241
2661
790
3218
2069
2606
811
1797
1437
762
2578
2344
2452
1716
2314
3039
475
397
2486
2560
1907
1442
2296
763
1107
1132
1087
1813
893
1531
634
1027
1231
3284
2337
182
1778
383
555
1094
2078
3047
1854
2832
1280
2809
1565
228
304
654
3060
564
1946
489
3147
430
2437
333
2913
1924
2963
1571
2448
2798
2450
2835
1686
1485
2245
1472
1735
2815
2950
991
970
1068
678
1220
2315
2295
1162
780
802
3244
882
412
1435
1335
2656
1103
676
2028
2246
284
452
624
1870
1077
86
829
809
1679
3282
2750
203
1465
1166
989
2391
974
547
1046
18
638
751
1116
1110
1449
1164
1970
1098
17
3165
738
339
2301
782
485
1829
494
825
1693
1562
1004
1354
2255
11
484
3010
1239
371
670
1450
3017
545
641
1596
2179
2557
752
924
1039
1817
2911
425
1488
1283
1082
171
1303
1315
1999
1578
742
1325
526
283
2463
550
3125
2177
920
259
2240
2054
540
944
2258
771
2921
1380
3257
3252
2730
698
783
615
2531
729
2993
142
393
1032
379
2611
58
478
1310
2776
2726
2025
854
1045
342
84
947
1033
822
812
2346
1311
2261
2819
2657
1595
3211
1753
2612
1789
3139
2034
2731
519
2713
1271
957
531
745
969
911
795
2447
134
3002
278
2144
1078
2364
2284
3128
663
1259
2897
2770
2373
1579
1821
50
172
1379
2439
2019
2434
2304
390
2760
1165
682
2333
1819
1471
1664
1373
2340
3092
961
2793
2309
38
1175
463
2123
913
3322
2099
659
2393
2105
458
2237
2471
1254
2738
1359
2848
1510
1025
1036
136
1149
2079
2374
2787
2624
2916
1070
2302
2409
2334
2351
2803
3191
2455
1460
2087
1267
1707
261
2687
187
1958
1133
592
2865
3247
1860
2119
310
2419
2777
100
2376
2320
3226
1119
275
964
89
1376
1403
2342
255
2431
3008
1519
1940
170
457
1088
1404
1448
155
1413
1222
1900
61
2799
3315
3187
2904
1397
2352
1810
600
0
1081
2484
199
1174
713
357
2590
1211
2106
530
8
2802
861
4
1555
3000
1298
3023
1193
871
1400
1412
6
1120
1420
1205
570
665
1171
400
407
1912
2623
776
1038
3297
250
2326
2959
1618
223
2216
1526
2701
2148
1395
1557
2093
2539
1530
2827
2813
77
3238
1561
1360
2685
593
2652
2297
2861
2984
2291
309
2743
2510
2467
1650
761
2446
3095
2896
2250
1671
3025
280
2392
3164
2722
2540
2580
1355
23
273
3185
2883
1428
3168
1915
3037
1669
3173
983
1179
2889
2470
1285
2371
999
935
2697
2555
1099
910
1537
313
1987
1563
120
2866
1624
179
49
1091
1585
480
2894
2552
764
1619
1634
757
973
1079
1773
3122
1781
1429
611
1180
1382
899
1638
1187
1269
288
699
241
2801
1746
1066
2762
3182
1346
664
1100
866
2380
667
1155
1550
260
3111
1436
1414
2022
2749
459
1981
1445
3269
1827
2305
1802
625
3172
345
845
1699
3094
66
1407
2890
2436
1928
1438
2688
422
1377
2908
2442
599
2192
2041
1966
2208
183
629
2276
2508
15
2068
544
337
864
2469
466
1240
696
3167
2385
3242
940
356
1717
3222
1823
1424
195
401
840
1673
1331
2954
1774
813
1514
2268
2545
536
510
2605
2341
2219
986
2571
1882
2794
2394
2905
1030
2757
343
2780
1486
2386
675
2228
806
3258
791
2554
1044
192
219
524
1459
1971
2477
2878
862
3062
1258
2403
163
3203
3204
1884
834
760
2996
483
217
268
35
1203
3020
1017
1108
2515
1001
1776
3233
2936
135
166
277
1062
1594
1109
891
2629
2273
245
164
2322
2535
2053
1929
1755
1246
1674
1887
1375
3169
2994
2017
1314
753
2159
3190
189
1867
1528
1680
2256
1384
3302
1754
2779
1192
467
1659
1523
1042
688
3158
671
2874
1581
2458
3038
1328
2654
336
2511
2232
3255
955
1213
881
2480
1864
1806
1706
105
2353
3239
1409
3323
2946
2581
1839
1702
1614
1705
889
2660
3301
749
571
1261
1874
608
3324
148
2174
568
1330
2321
2015
3265
279
1600
98
1490
3162
3275
2723
2494
576
2260
306
1672
2583
2103
1406
841
1114
2209
1960
386
855
1212
1899
1320
522
2559
885
976
448
1289
2233
1933
2173
1885
413
575
1361
2778
1848
1770
2114
3312
3129
3259
1560
1106
491
2698
233
1603
1830
1495
2924
1973
1381
2460
2294
3227
1608
2938
1621
327
786
1577
2413
1799
2696
876
2805
3145
131
2399
196
2997
2438
1513
446
2076
1558
2049
607
912
1763
499
1961
1470
622
1923
479
2523
350
775
1657
2061
2356
1828
2033
10
2137
1540
1976
839
2239
1503
1648
895
2826
2247
1288
1336
930
2444
1696
773
322
1546
2235
1005
2047
1150
1317
2279
2110
451
1342
953
2483
40
1054
3086
340
493
3198
2481
543
1252
144
2577
3150
1950
468
2574
1443
1364
1008
1351
1935
3073
875
229
2664
1760
1386
153
2162
2435
909
2599
1362
2971
75
2678
2166
851
2862
880
1006
1453
444
2311
794
2912
2823
2324
2774
426
770
1580
1229
2070
2926
2869
1357
1681
289
2759
2585
299
143
2676
1440
640
42
2925
2717
1511
2185
2507
137
1834
2870
161
2418
2935
2254
1057
978
719
735
2625
2199
3070
968
1640
1208
3280
1663
193
2783
1195
2638
2639
2527
2300
1533
246
2113
2860
3114
3316
585
1647
1570
434
586
2426
3175
346
941
146
1427
3307
2641
2023
2714
1242
1234
1879
1157
1630
443
1996
2621
1492
549
838
1232
1859
2868
2097
181
152
1189
1126
2217
816
2887
1430
2032
2886
907
180
197
2538
2396
169
1118
2792
2592
2181
1920
48
165
2968
2490
2728
2466
662
1219
366
2786
1910
2765
373
677
495
2221
1284
2564
580
559
520
1484
1590
396
435
1609
2785
1880
2183
878
31
388
2630
2370
123
2415
1264
772
886
1136
2485
2122
298
1989
2859
1343
897
2116
1024
1724
1731
303
224
1389
25
831
2264
307
982
69
2003
965
2124
1593
2416
2204
1040
2719
2422
2230
966
529
2125
2406
206
2196
1299
996
394
1226
157
3061
2575
631
122
213
2336
992
799
2521
994
492
3262
2853
2024
2404
3014
2637
14
2829
2021
2715
302
2091
2665
2784
684
2299
704
1658
2488
2307
1734
460
351
1273
314
2151
1290
2142
321
311
1535
1943
908
532
1625
755
1009
2420
1297
2735
2270
931
937
1767
453
414
2473
2115
29
577
2847
1956
464
1599
981
1962
1641
417
2775
1952
827
2013
985
1697
2663
263
681
2782
1853
3290
439
1740
595
1349
238
3043
967
2821
1816
972
2649
3266
1499
2927
724
2290
1877
3098
2242
154
744
2244
2520
2150
3281
2474
3313
267
406
987
2443
1230
528
2522
363
1878
2331
936
1228
2417
2830
436
1825
231
2880
365
2060
1096
733
2839
1635
527
2824
30
184
2764
1071
548
3093
1333
395
2057
2063
2398
1541
1617
125
2253
2596
2594
2286
2421
1995
2586
2281
857
2736
1248
1807
347
1800
1582
369
377
569
1927
521
1050
2991
993
295
551
2487
1300
590
127
1607
1758
3209
1777
557
1130
428
2797
962
3013
1811
2655
887
2200
948
16
2206
2303
1517
258
2397
2129
1257
242
1980
1128
963
705
2718
2277
2999
1301
2668
1476
2165
27
2506
807
1181
2650
2205
2282
1898
1034
256
2182
2226
1668
905
1480
1751
59
2257
2675
1439
162
1281
2139
1883
2319
2597
34
2073
2011
3030
2147
1399
296
2846
361
2224
748
2528
988
2432
2248
1458
739
3300
2791
270
1266
1493
1837
2708
358
509
2712
2018
2000
1651
2709
2617
2433
2478
1901
1692
1501
281
2213
2172
2379
1695
2517
2236
695
269
403
3178
2710
588
1097
2141
2229
3059
2355
2633
2187
2632
140
2942
3057
2516
2285
793
2618
1021
335
2705
1584
2838
2800
3245
534
1627
837
1
71
717
2040
3213
43
730
1556
2849
3199
355
823
1394
513
2348
2227
3079
364
2964
3197
537
2423
715
2365
1670
836
1642
918
902
3066
2944
1833
803
2101
1282
1843
768
2193
2980
1051
20
1201
1065
1719
328
2498
3229
1944
997
2395
2955
1216
2768
367
3235
2461
1352
1941
237
208
1482
2026
1344
1207
271
995
3261
1188
2131
2526
1889
2135
95
3254
2947
1022
3127
2201
718
418
604
2118
1104
3228
1093
151
1793
3090
1313
514
502
1156
2387
594
1152
2360
2272
486
2891
2893
796
2533
2384
2459
2035
2499
370
1408
2707
1047
1251
523
507
2706
1473
3308
614
2795
720
2695
1925
2595
1894
591
211
1003
3256
318
1146
1852
2164
57
2858
329
1730
2812
2970
1092
3031
1991
1942
506
1963
1080
404
2349
2834
867
3320
2919
945
2850
1444
956
650
210
1922
3087
132
980
1016
2933
1209
3076
2089
46
601
490
2584
1434
1722
574
1367
1606
2914
104
1713
1115
2424
1838
81
456
2960
503
1768
2052
461
2108
1997
1023
2647
1897
1224
348
3078
1747
1723
852
2645
221
1592
102
1718
750
1305
2037
804
1197
1337
779
209
3054
3319
3279
2546
2050
218
692
2703
1518
121
1876
287
975
3325
939
2981
99
2972
3143
1350
138
2081
320
415
1043
1655
1347
3237
3207
2704
2962
2806
2038
409
1534
1587
2317
1873
445
2504
627
1140
518
1463
501
2811
2872
2014
1059
1862
581
998
1547
1177
1056
1348
424
2702
2570
1035
818
240
2161
868
734
2039
2831
1131
1639
2840
292
3091
2289
1736
2917
297
1223
2519
1623
3058
673
896
1688
2493
1462
1144
1875
3080
1341
1185
1682
925
1167
2457
1871
1539
1396
1720
2445
1067
1583
3041
1665
1019
1306
2593
1840
2884
2130
1456
3283
2988
842
2117
2176
3097
2906
1105
558
2402
1738
3137
2900
1861
1145
55
1529
1378
1896
821
381
1750
1732
2456
1182
158
1690
2691
3183
1591
1766
145
398
2532
2175
2536
1527
1575
2381
2903
1294
1169
1872
2056
3246
1759
150
2537
589
1217
3126
737
645
535
2092
646
3268
315
700
1552
1748
3236
1559
1902
606
3024
2145
1304
3311
2136
2653
72
828
644
1502
45
788
1353
82
2648
3234
408
1153
2048
1451
2615
583
1764
1893
470
101
1295
1538
2080
1374
926
3306
2642
1532
3310
1616
3081
2016
1972
1031
672
1794
2833
1249
375
888
2789
2412
2088
2781
128
2188
1029
2454
2863
2283
112
2957
119
3212
2547
450
257
1714
1891
787
2753
2989
1909
892
525
2338
815
1467
2604
1917
1148
3321
2332
2956
769
3292
1371
1393
2627
990
951
160
2922
427
553
2864
635
3274
1798
2677
2807
1978
389
758
1846
471
2716
1911
2287
3082
801
701
3042
2083
3154
19
3085
1982
2628
360
2915
2044
1466
2758
890
117
1835
1060
1934
1142
712
2953
1268
1866
1566
3180
727
3296
789
247
74
1564
3305
1508
1959
1841
2190
2407
3134
1653
1869
3177
129
3163
1279
7
2683
1291
1888
437
85
1069
3123
626
2644
1967
109
679
817
2479
399
2098
2280
2992
251
276
107
3309
1574
2269
204
820
2556
421
2263
639
2635
472
2126
1457
2788
3250
1339
2505
3181
111
3133
2530
2620
3135
1711
2930
201
3161
1752
2745
3179
334
1597
1329
1984
262
1549
2852
2241
116
3176
1704
934
1701
1028
2149
113
1712
326
2756
1520
2565
703
1551
1698
3063
3121
2987
1391
848
110
3214
2503
