924
706
56
2583
1322
287
710
1500
1521
1863
591
2156
1104
2141
1306
20
1762
555
977
2092
1514
1390
9
2695
2367
181
140
40
507
2618
1702
2685
1269
876
1363
1168
944
2064
2164
1427
2660
423
2634
1141
62
1614
2700
1982
211
2492
1287
1545
2022
115
2078
1934
495
1347
647
777
913
2166
279
2510
352
2425
2301
2420
2000
2148
1945
987
416
1933
1602
2463
1276
1125
256
862
2605
1123
981
2471
2626
2074
2157
149
819
824
1653
825
2466
2276
1047
2395
1111
1535
760
540
449
1453
1553
1584
2544
2614
1956
707
335
1256
1651
2365
2431
1102
1528
669
2009
428
1596
1919
1071
893
2032
2449
34
1859
564
103
374
988
1573
295
1779
842
551
2485
1376
39
1741
868
1581
2442
552
1012
1515
2392
1516
2047
755
1136
1432
1598
2704
1110
2673
982
2702
1999
523
721
1167
1371
1872
2664
2232
1219
1139
2251
402
537
803
2274
1959
2104
1603
2265
1063
712
1594
1206
1880
1408
1685
1571
1631
1396
1051
1538
261
808
587
694
536
1493
111
7
1470
2023
1485
2281
2390
1718
1927
1564
1604
133
1056
677
1810
1509
474
866
696
1402
363
437
365
2526
1788
590
2387
283
1028
1501
2344
0
1623
2608
462
1778
2120
2594
1229
1103
1059
1753
2046
304
2135
737
2262
718
779
1874
1634
194
724
480
544
388
2043
816
1150
1321
18
193
409
384
1630
1970
1998
1452
91
1356
925
2572
1914
400
2053
795
1962
421
1505
2054
436
1748
2475
574
549
1692
52
2246
1595
2689
2180
2040
2483
375
319
114
424
1618
1388
2350
1164
2495
1449
70
1337
1019
791
1897
1660
2588
48
324
1479
1993
107
485
637
1335
1910
93
2343
632
2546
2160
513
326
1436
1294
41
1938
2488
1241
1908
2287
1512
888
2566
1336
467
1666
1983
2266
2377
246
768
182
915
759
929
1898
1556
2231
937
817
1354
2369
1033
147
215
1107
457
1636
2061
1046
2128
289
2597
2052
752
2482
2062
414
2645
1854
801
2289
2658
2665
1809
1008
1244
597
2493
2096
307
1301
87
1151
2589
2436
432
1627
2291
1370
2426
2195
2045
162
1841
463
1957
2551
2655
1529
57
733
653
2207
633
739
2432
750
1780
21
1202
2536
213
2328
2280
403
2202
1572
714
2446
2257
2152
1985
2646
2269
1611
2379
941
658
2470
1065
1286
1832
2089
2407
2521
1930
902
2705
343
11
2504
1980
2479
2264
1840
1333
53
1231
910
1831
2541
995
228
2238
1751
43
821
1149
1203
655
269
1328
233
2029
2117
501
1417
447
2469
1072
1508
311
505
978
10
2619
351
921
797
33
605
2562
2386
1633
886
528
1022
1787
2233
359
604
1281
1058
659
1916
2553
2662
1283
834
2072
187
2500
2686
617
1399
2325
232
1080
420
394
608
2394
2201
2147
864
810
2336
1119
2610
1477
1798
1251
2049
1258
315
458
349
1902
2181
350
1457
1094
190
2486
1724
1237
1386
1270
1586
1712
1833
1310
1468
1484
1661
2006
1792
740
1605
508
497
2555
1135
1191
2528
1364
1170
1918
171
550
2675
1861
98
865
700
1132
535
418
456
2651
2455
1181
822
2134
164
2657
1678
848
1024
2080
2342
1267
109
2182
88
2067
1848
1705
199
571
1105
1550
1173
2633
2110
614
1185
25
78
323
1092
1469
792
89
638
1339
264
695
453
2690
2476
1888
1160
2327
615
1236
1309
556
488
2623
1576
1658
1491
1482
1235
1853
382
525
2653
2467
1964
2059
2360
2331
1824
1986
1492
885
2487
861
2145
2099
2511
79
1460
1862
2696
2644
1062
1174
1827
227
2329
624
692
926
251
2098
54
2197
1025
481
732
1000
1290
2028
836
635
794
2326
1296
1444
2354
2168
2198
660
847
1227
1875
967
2146
514
2508
177
1669
2391
296
1280
1561
1510
1358
208
1647
381
1607
2560
1727
1074
299
518
1808
1166
1003
2627
1050
157
1026
2345
1329
1671
2011
2012
1343
2320
569
1198
1260
798
1032
242
1924
2346
1124
1109
1567
672
430
1400
322
853
903
1361
761
130
1360
2031
1238
459
1223
2315
2694
308
762
1786
1027
955
618
2509
1095
931
2172
1967
2324
560
2356
932
859
911
378
596
6
778
517
317
722
2273
2004
267
1823
1187
1566
2113
2418
255
1522
2210
151
2297
640
957
1433
884
2333
2548
790
2423
2066
1197
2073
431
522
1708
1199
2580
2015
1006
887
2005
1161
2036
2481
438
786
1456
2225
1739
767
1189
1053
1004
1858
159
1683
334
1835
1273
2221
557
339
1681
1909
105
2428
954
2288
892
2699
1870
895
332
1988
1922
312
510
1158
2097
1803
772
499
51
776
491
325
327
170
2348
1156
376
1994
126
515
419
869
896
429
976
2234
1624
1086
1978
117
985
1414
1548
452
2573
2002
1654
389
1977
742
250
1020
2677
2219
1842
573
1992
2292
1783
2592
2140
2464
23
1716
248
2532
2531
623
1458
1288
2063
2558
2443
558
1425
484
2462
2008
1525
1593
1765
2115
95
347
1759
2081
2389
1802
1172
276
12
2468
278
1291
2559
723
1733
2596
704
1682
909
1868
2076
1838
2088
1029
971
851
2524
584
639
905
646
1532
1078
1713
945
952
1749
850
729
2341
71
1506
1240
81
1857
2698
1926
897
827
270
1397
2697
2159
138
27
5
260
1731
2577
725
999
904
1777
2108
2375
2138
1064
131
917
450
969
2169
1097
2025
218
1268
2144
645
1087
2167
891
619
684
1876
2380
1013
76
2578
713
838
1324
1913
1991
1015
1941
498
1419
841
2575
1747
2461
280
2017
1900
1076
711
2543
2114
996
1504
1995
1901
577
1381
1723
2417
108
84
1906
1133
1478
973
697
2318
1742
1375
2669
345
1308
1393
2208
889
1714
1641
855
2654
642
1800
2525
2313
2661
1613
2384
802
2235
1972
2094
1555
2404
2401
371
533
1255
2366
1761
511
1201
1549
137
442
2590
2293
1186
748
4
342
401
94
2161
155
1502
1372
2419
2458
2323
464
788
1619
2016
1415
1162
2153
1403
2434
2311
1108
1764
993
2136
1326
1899
852
74
2620
1437
950
1582
2460
1856
161
1338
358
641
1894
998
67
2456
1503
2362
1128
1357
1937
2693
99
1527
2679
1083
2241
871
1942
1757
2285
1829
898
661
2034
2242
1608
715
1543
894
787
292
398
2514
2421
1147
468
2069
275
392
1463
1507
2529
2506
1722
2682
2416
185
532
1852
2561
2127
2474
1907
470
543
441
1089
1552
318
2415
1367
1665
883
1707
75
2057
983
1214
2447
1278
2502
116
2692
2151
1263
1648
1635
1420
2565
612
1855
1001
994
603
1344
2184
583
1642
1989
1348
1355
1465
285
1039
643
541
2048
2091
30
2652
284
69
2060
2403
986
1210
1698
1805
818
2556
679
1882
2581
434
259
231
2656
2520
1233
2338
1416
1413
96
1194
2622
1987
2399
1385
2364
927
1864
1448
1617
831
1040
2607
2489
2131
1570
581
2319
1513
1626
1497
670
266
64
1084
300
1377
1401
649
634
1976
991
2547
923
2075
1122
1554
2137
1368
221
2299
2037
313
835
1640
901
47
582
479
806
2244
785
686
580
1674
13
486
1597
1101
534
858
1152
857
1537
1574
2484
1951
594
1830
225
1904
183
445
593
1148
1002
683
482
2038
1426
2035
2123
2010
2568
2465
1412
2359
1735
2071
222
928
1892
799
49
984
1542
478
1048
2303
1163
1496
1498
2635
66
2616
2308
2585
1568
2371
1475
1407
150
578
245
2706
2593
236
2372
2122
1804
539
454
2294
783
1126
1248
1483
1215
951
2310
1209
992
690
32
1345
1534
1302
1317
303
172
1154
1531
288
922
1706
1121
2215
2398
61
166
44
50
1860
2473
1680
1877
1304
1212
2245
262
1843
1752
1699
947
1621
629
1350
1695
1155
1138
136
1609
302
373
1007
1259
1519
1620
2602
433
1445
2300
2640
2617
2100
2609
1578
1073
2424
426
1776
196
1297
585
1442
2534
1429
286
675
1963
2240
2591
2550
1061
1684
1312
997
1819
1085
1489
1961
1781
86
652
2290
417
1182
2171
1327
1049
1177
756
2126
249
2190
1226
396
837
2441
184
849
2527
1679
1539
224
2253
1955
521
654
2282
348
1
2163
1849
1837
2079
1434
2149
165
1271
2539
178
316
1726
1208
1569
2132
1082
2649
2312
960
1234
2663
1486
2188
379
2194
314
877
344
1010
1721
2339
1165
2142
2106
2450
135
1275
1011
156
963
2158
2189
2636
735
1292
509
1622
1428
2229
1944
1081
106
2213
2668
216
195
1686
1750
2217
1881
2650
176
158
223
29
598
1180
1720
1587
119
2070
2587
2408
1585
1844
699
567
2480
60
85
37
1979
656
1791
3
1378
2586
1045
2174
1845
807
239
773
2437
490
559
1969
2368
554
1447
281
1316
477
73
644
565
252
936
933
636
472
2628
1459
370
1228
118
2411
2150
1193
682
1954
483
45
473
1632
568
148
294
1253
563
562
451
2209
167
440
1560
1687
1616
688
1540
621
471
1217
63
333
2406
2007
1349
650
1440
2687
502
367
1693
1711
1975
82
2027
1643
1443
2018
1314
173
1546
1599
1782
2305
506
92
749
843
2118
247
1758
128
410
277
879
16
385
870
566
548
298
2444
2430
588
875
671
775
1438
691
466
2412
1213
24
1767
1183
2222
738
734
412
492
186
1816
882
460
2014
1137
35
1828
306
197
2647
132
305
2179
1589
220
2051
1557
446
274
2629
2453
2472
465
210
321
2666
425
575
1625
1192
1768
2494
804
2
1649
657
2309
1754
500
1703
2183
601
455
1785
1690
1140
935
2641
942
2334
1030
1730
974
2001
1009
243
2564
2139
846
475
2688
1319
2302
2254
2252
1016
965
1113
1663
606
2267
357
1439
1883
2261
1662
1404
1946
448
2077
2330
538
1476
2353
1054
1771
1134
237
793
1305
1737
1638
2518
959
1131
2204
940
1796
1218
1650
2298
2396
1769
717
1332
1834
1940
1114
2030
1965
1060
1558
1921
2237
380
2255
1850
219
764
273
2429
1745
1973
1467
372
1565
163
1205
1689
1984
2211
1159
1369
2295
2638
1728
1331
2205
1936
2296
2363
938
943
1931
1691
530
2667
2271
1257
1142
1675
2451
1646
1673
813
1696
811
1392
1481
2192
2116
42
2613
2102
2703
1221
1466
129
2286
2277
966
860
1971
1178
1070
120
1715
309
65
744
1670
934
2216
2133
2165
2226
1127
1541
2248
1441
139
1628
1018
2512
958
1353
2637
168
2130
1775
38
854
953
2065
2101
1523
2515
2598
727
1590
1530
1303
856
2058
2173
1474
833
602
22
1943
1035
1232
2193
1077
1410
1577
415
1797
1424
390
2003
188
2086
1563
1117
1495
1518
2316
2600
689
1533
1950
2220
1184
789
1688
1839
2478
2347
2103
290
1575
100
970
1917
972
1911
1216
757
1069
1473
2250
728
2111
189
2604
1153
1351
2361
1826
2249
1099
880
1230
191
1264
1277
1098
1790
1204
1225
1717
2082
1756
2516
1325
1207
1175
961
55
2402
1958
1890
681
1261
1224
1694
2490
1588
2259
900
2643
1784
800
758
1395
2087
1334
1836
1740
1544
2175
2177
2659
743
1106
1036
1143
1391
1279
769
1878
964
2630
1736
141
1905
2317
1311
1807
1274
2519
1743
1799
265
1330
493
1380
2055
2332
2039
2563
2196
1536
2170
1738
781
1034
209
1925
956
815
2554
1729
1130
240
145
395
1719
1734
2200
546
2199
1362
1409
844
1580
2624
1249
1299
329
765
780
422
2206
361
1096
1379
1455
1637
1115
1947
2083
152
1282
2278
881
2498
1821
1461
1068
1346
1298
341
2680
113
1295
413
2236
611
526
2632
920
2357
1373
570
97
1667
301
2513
90
2340
2571
387
2567
405
2599
2457
616
1645
1195
666
1313
2021
1418
1744
1710
731
354
204
2612
383
1812
651
2505
1093
1801
2155
1869
2639
2230
364
1896
1422
1157
678
2304
589
2176
1043
1610
805
1524
1384
1960
2545
890
2440
1677
2024
110
2501
1100
906
443
282
1600
2595
1211
2042
1242
1793
2272
828
812
990
1252
1932
174
912
461
1464
2496
1701
125
2671
77
1487
205
2552
1272
46
962
2125
179
754
1789
613
2258
2642
1196
1939
1480
576
2413
1968
2435
214
2570
1915
1383
404
2388
229
2284
1250
2397
2701
2283
1169
1055
701
1112
687
630
2212
1773
2358
1435
741
664
782
360
427
1307
2187
662
192
2260
175
1037
2374
1075
2497
340
14
338
975
1359
1488
620
839
1387
331
201
747
607
1879
1145
355
386
736
503
1866
595
1592
2085
1118
1891
1517
2503
2162
2530
919
2542
17
676
1247
2041
169
1472
476
121
36
2576
1948
1374
1766
2143
408
68
1323
2307
907
1038
1814
2574
2355
2321
1365
1116
1755
235
2247
1200
1815
1697
625
1293
2454
1423
1795
123
1817
353
234
823
1246
840
1629
2279
708
2090
2112
826
1562
1847
337
627
709
2684
291
2314
547
1451
1411
874
705
561
1188
226
1300
2631
908
1044
143
2584
2681
2044
1953
2603
1265
2268
878
2191
1886
2068
2119
1644
144
1239
330
2056
2020
124
2670
2517
1041
494
268
1668
916
1867
180
293
542
1146
1285
2606
2410
680
2186
2611
730
2239
1966
2322
1920
1657
101
310
703
702
1389
2351
586
814
1462
1672
2093
1320
2050
2438
154
524
1066
2538
685
572
487
1659
1885
774
1923
2270
2414
2227
1129
2263
2121
830
1884
238
2214
1974
527
1763
2452
2648
393
665
1615
745
1811
1903
217
2691
1042
784
914
1820
272
212
845
2477
377
989
592
809
2621
2439
2203
2378
668
31
2084
58
2540
770
1591
948
1822
244
1430
1997
2582
2349
406
399
763
529
1774
2223
2393
2105
1079
753
2243
918
1067
2337
531
2557
1454
1526
600
469
258
1342
2019
1289
1511
1949
2445
263
2154
766
206
610
2409
254
648
253
631
599
1171
1704
1382
1652
946
1895
698
1284
2385
122
2124
2427
1893
2256
1179
2335
142
2448
1243
2218
1851
1352
1865
241
2499
674
1664
104
720
1547
980
667
2405
2672
1732
1520
873
1601
751
2373
1471
2625
2707
19
1871
1612
1431
930
1398
2370
102
2129
832
1700
872
663
336
2178
1405
726
271
1266
1655
15
1052
411
160
127
519
1005
1318
369
2013
1262
719
1014
328
407
391
134
1996
1772
1088
1190
716
2352
1394
2275
489
1450
368
1017
1583
1981
949
1725
863
72
1990
1889
771
516
939
1021
2228
2579
2535
1846
622
59
2382
1490
1952
867
257
83
230
2678
512
356
899
2422
1579
1341
1144
366
1090
1935
520
545
579
1091
2095
979
2026
1176
2674
2459
1340
203
504
207
2224
435
1676
1928
1746
820
609
626
2549
2185
2522
2381
1551
1813
1057
2683
28
673
444
2523
1794
2615
2433
2306
1606
1656
2601
146
1406
2676
112
2107
829
1709
1222
1912
1245
439
2491
153
2383
320
2569
2537
1806
200
1315
968
80
1220
1254
1446
1770
796
693
2400
746
2533
1639
1494
397
8
202
1023
1120
2109
1929
1499
1559
628
1887
2033
496
1366
346
1760
2507
362
2376
1873
1421
1031
297
553
198
1825
26
1818
