1238
1329
2092
2345
2689
1191
1848
887
1187
1237
436
2495
848
20
2333
1468
2685
1170
1273
1962
1388
791
1269
1500
1492
375
1561
853
2356
1862
1647
255
555
1595
549
2461
1403
2573
996
2401
999
1504
1582
909
993
1922
1907
312
1870
1013
423
632
327
4
2160
1900
1733
250
1335
1654
2559
2167
2566
558
1458
464
1901
1838
1268
278
1147
1899
1128
1503
1945
2698
532
2614
1574
1138
690
96
183
1635
862
1989
1046
1568
1233
172
1465
2308
1154
2074
1496
2184
454
1214
1212
1553
1804
540
1752
2131
300
482
1428
178
1271
417
2550
1071
2195
176
2253
1081
652
1528
2240
426
1721
1008
1519
1620
1529
2472
173
988
842
412
1779
1780
1440
305
1616
1693
2655
57
451
564
490
1703
162
1540
775
1771
781
2702
145
2392
1729
129
1069
361
1369
42
38
390
1831
856
1590
1541
1392
2295
1971
2133
2252
2101
940
959
2139
1331
1544
1638
1715
1142
910
1261
2302
717
1688
606
765
941
2504
523
527
31
1789
1825
179
1285
101
2612
15
1812
766
1538
122
1384
590
244
2530
2595
1564
1055
1250
1120
673
1817
174
751
1744
1243
730
1488
387
2083
282
1203
2503
1818
2119
625
2445
579
724
1435
443
2648
1471
1431
668
694
677
2186
2452
1798
1949
263
678
18
2683
293
0
2181
1851
1406
1399
2537
1129
17
202
1446
2422
2112
1418
1289
705
1637
1242
1592
1676
383
830
2042
1724
296
790
1433
550
2210
157
1712
418
2548
9
792
1824
2508
140
323
2675
114
438
1449
2696
615
635
517
2481
1322
836
1181
847
2006
1185
1888
560
1166
2509
518
1765
976
1852
896
1020
1682
1856
325
326
2425
2025
2064
2094
647
715
74
2462
131
1555
2164
704
499
2034
1158
1713
468
1324
1681
1829
577
126
1722
1783
1397
2063
1186
1512
1906
105
2634
2097
1086
1368
1805
992
313
259
1707
2484
922
1101
539
75
583
634
2466
2319
2037
594
1617
256
799
643
927
1674
1047
2372
1148
30
66
44
1596
2426
1622
224
707
1819
1312
1720
2163
1180
1434
1007
2217
1539
1085
1686
1234
2591
657
1711
446
1202
103
128
2027
37
2179
167
277
1012
552
554
440
2494
3
2174
563
2411
2305
1530
2205
1159
1580
2257
1114
1785
1719
953
793
422
2220
2641
2192
2116
2353
1675
1905
743
2265
1826
265
1311
2296
2086
1663
1410
546
1077
2624
758
1424
309
780
1999
2659
2298
658
1207
934
2330
254
331
144
1293
1144
1103
123
1365
315
1810
719
1118
2540
1893
193
2105
1066
153
377
2093
2670
930
2325
1382
1080
2433
1373
2050
2306
2393
906
1718
1871
2336
1119
687
2351
2072
746
1815
207
1929
2340
2486
102
630
346
878
368
232
121
1966
364
2233
2307
1487
1725
2117
1915
1996
863
1171
356
2632
1043
2499
1258
1282
1017
662
301
542
388
1623
253
1891
1100
2615
1902
2390
1031
1004
1296
1199
1460
924
794
660
2653
79
1702
1174
159
2528
2197
1386
1491
1566
1658
54
456
1361
574
2054
710
1567
1161
700
931
334
1124
2012
2168
2297
740
1358
1364
761
400
1173
2015
2273
1875
2690
2113
109
2146
164
171
2011
1026
1032
1223
1522
1260
2028
2031
481
2350
424
1197
614
884
732
1986
1363
1444
1400
251
2644
695
1918
2623
861
1050
1310
2040
1827
2036
430
2618
242
591
2360
2467
2487
1267
308
932
762
2225
89
1607
2367
1456
786
56
977
267
25
2156
767
2326
381
2511
2342
52
1618
378
227
1132
2651
1678
911
287
1748
1835
508
1521
2354
569
1705
6
514
1164
2320
1104
2423
2073
522
2694
672
778
722
1510
1019
1306
1861
1109
2315
1135
1708
78
1280
1727
88
1105
1227
322
1024
596
1823
1863
1683
2134
865
208
795
2455
1484
2580
706
638
98
2627
2059
1053
903
70
2555
955
2145
2180
1786
1339
2583
2657
1095
2067
1808
319
488
1853
1025
130
2695
1669
507
967
2331
876
1189
199
2327
1092
317
264
497
1482
692
1270
2110
2475
2198
2476
1360
1003
1062
2329
885
382
1792
453
1964
2098
1671
535
1550
556
181
571
177
1236
2066
640
1000
1160
859
957
1290
1505
2560
2005
459
2099
525
2483
1027
1006
431
151
1074
40
2346
2418
798
421
2391
1469
1343
1390
2182
1586
1897
1967
1309
1514
1605
2246
2053
1833
2141
1762
2004
2633
1198
2324
1661
926
2080
1235
822
1576
1858
1739
1337
2172
624
299
1924
1692
618
850
358
270
2241
1436
2115
1507
661
723
1162
2434
1425
95
729
944
491
619
1015
1168
1338
1941
742
2682
2088
450
12
94
1463
2464
2416
5
1666
1276
2596
1602
324
1240
895
275
2506
1347
1898
2421
185
2008
1172
788
827
645
429
1108
2679
2531
2136
2341
1255
2022
2693
950
2578
2017
495
637
2443
2311
48
2419
1291
107
713
2561
1064
973
2558
260
1506
2362
93
1336
2384
2366
376
898
1478
2081
416
2166
913
1868
1097
2389
891
2343
2529
1029
1549
987
182
1414
2620
851
1357
1479
2288
1545
1993
2546
2460
2169
1076
108
533
371
2148
137
1749
855
969
1894
639
954
1201
2287
1723
76
2000
484
292
787
62
915
155
41
1532
2318
442
2697
2219
2002
71
929
1614
2159
1393
2488
945
392
917
2669
2234
1641
952
1994
248
1938
2514
869
2463
280
2375
1988
852
2661
1857
1764
2292
99
2456
1983
1087
2524
1543
2266
776
1800
1619
467
725
1415
1548
897
1156
1141
1759
1747
1942
2301
1419
347
1995
646
170
2138
2285
759
2069
1908
389
246
2313
2525
904
2108
1757
772
2420
889
2510
1624
1078
2377
276
23
352
557
498
1934
841
1913
1133
2323
1926
971
1933
1978
2654
1372
27
2293
279
892
1802
1083
115
513
1910
2532
1608
1909
2242
345
2235
1742
1977
2543
2153
1593
452
641
1241
1777
838
1803
1842
1992
802
161
1308
2474
138
2699
67
748
84
1294
2577
510
419
117
1660
2590
339
2076
1525
2417
2127
711
1437
697
2140
1381
642
515
1427
1613
2592
584
2660
777
398
1761
888
684
2380
2078
2016
1972
1288
401
1714
1982
2468
2144
1527
2575
2114
332
998
1991
2492
1876
2161
2348
211
894
2221
1326
511
768
985
573
2208
1375
485
1731
2588
81
218
1287
623
905
2700
51
1937
2677
342
1502
2428
871
2404
1716
2458
2415
61
166
1864
1348
414
1570
994
222
1210
1554
1680
47
1420
857
806
2581
225
64
1475
2656
441
581
1413
785
1534
1904
2399
1194
984
1355
2123
303
2371
2052
541
2665
1350
612
760
1426
1584
1552
1542
1855
2157
1152
2658
752
13
2091
818
149
2568
991
1248
1665
49
1513
1860
1317
1344
593
1642
1354
2626
318
801
2465
2128
2395
580
831
236
1882
2071
449
1626
1892
1163
1498
1698
457
2151
629
1377
2616
2215
858
1209
2294
2605
819
1976
824
2057
486
150
1122
147
1640
901
2585
1951
1304
2048
2010
289
1877
1302
1809
2303
1407
2489
2338
2075
2565
937
266
284
1537
2692
221
2597
2502
2473
1040
2645
1084
2547
986
2364
2231
1843
1735
1215
1039
1155
649
1001
1367
2607
683
1653
215
1636
2310
116
2482
1401
2276
923
50
534
470
1385
479
1706
285
2622
1048
582
1597
1416
2635
2359
2035
1987
1699
578
2556
2593
817
1033
2299
262
2544
835
1648
603
679
543
231
1695
928
983
1002
981
445
2060
1497
951
1531
1412
1278
1483
883
1621
2289
2471
2122
1535
1556
2038
783
1123
1854
478
2447
686
2369
2137
670
1111
1126
1089
1263
1107
1448
1121
32
1830
245
2398
825
1453
1345
2520
2062
69
288
2244
2706
2061
1125
2245
2652
434
2403
947
1956
1182
2126
1327
2229
184
2149
1011
2650
1651
1955
87
2663
585
1944
1963
2436
2106
2640
1684
2070
1049
1370
1073
1010
2045
1082
2441
960
2527
2339
106
1208
1750
2449
509
428
669
348
1627
1919
432
521
1781
1226
433
597
1292
756
1256
314
735
396
1165
2587
2617
29
1961
1259
2300
675
158
997
1177
216
195
136
2096
1445
1587
1489
2009
316
1275
1442
249
1102
2609
1061
1679
2534
2188
165
1849
2290
2158
2190
379
849
2589
2213
223
2365
2602
1429
1609
1569
373
2493
1297
335
2079
2450
2668
2649
1486
2636
2142
877
1881
837
2194
1578
1
196
2132
2291
2032
654
598
302
2189
2282
1837
2539
119
2312
286
2171
86
307
1151
893
156
344
2424
1776
2100
1726
1301
963
135
2431
1244
1376
2430
118
1314
870
385
671
1767
471
298
465
565
575
2309
562
621
2118
1438
374
1969
2687
1217
1045
1183
213
1443
749
2051
868
551
148
2437
2551
506
92
367
559
2
2183
210
1643
738
1557
2207
933
460
633
35
1741
2408
492
548
1581
294
73
1192
2629
1687
2406
650
466
85
566
2444
455
1979
333
1560
1625
2485
699
682
370
1782
936
463
804
882
1316
24
879
1816
2018
483
567
2536
472
1844
843
321
688
656
45
2014
1599
1957
1828
63
1754
1589
691
1585
1193
1447
239
1768
653
21
2209
186
807
1137
1213
739
636
568
252
1349
82
274
60
1975
588
220
197
1228
2442
733
875
247
1459
734
39
306
1546
295
34
644
2368
2666
1632
2328
132
502
1515
1253
1791
1841
1954
2222
773
2647
1378
473
410
16
2480
477
1649
1859
1573
1845
281
2628
2150
425
2432
1758
2007
601
750
500
2453
2586
2412
1333
1917
1650
2170
1533
1404
1911
22
395
475
1878
902
2515
2512
1536
2267
2039
728
2451
1481
815
1850
2255
2446
141
1965
1035
1034
2600
1279
1305
1670
2259
2111
1218
1717
2104
1030
681
2211
2673
744
1018
1646
1330
1409
1694
1662
2058
2541
2347
769
1476
343
1396
2630
1467
1098
844
1736
956
1728
2065
1603
2705
2554
2003
1565
1921
1834
1334
961
2237
2317
2379
2396
1836
1575
53
602
2316
833
1790
1516
100
1455
1628
1441
2274
2479
2047
11
120
219
1940
1106
2470
2269
2175
2646
803
530
2704
1958
1134
1743
1380
403
243
1796
2521
1286
789
1096
1930
2604
1571
273
1737
755
415
189
209
2232
240
1474
2261
2516
2102
2177
65
2254
1379
1070
813
537
2082
1631
1206
2361
2664
1167
2286
1685
1362
2402
55
1466
1224
1065
1973
1883
1572
712
1225
1249
1299
1936
1274
1371
1230
1563
1577
935
1734
1807
1140
1931
191
1832
380
1036
1205
970
1523
2087
2598
2249
1216
972
958
2643
1943
1738
1178
493
1690
329
1099
1009
721
2564
1319
757
689
2277
1740
2152
1518
1139
1558
2030
1221
2250
1332
2251
2001
1797
1872
1840
2226
1691
964
764
1408
2103
237
228
1175
995
1136
188
2193
2363
1594
1799
1353
846
2407
1277
982
1473
1395
1985
1696
880
1113
2490
2638
2280
1673
800
1264
1890
1769
942
2238
357
943
1588
1598
372
1946
2518
1984
854
1184
1925
2519
2216
1054
2173
1756
2077
1980
2332
1391
139
2613
163
2637
727
2202
965
1495
2429
1231
1325
2200
1153
1130
2165
1784
900
1143
2206
1351
1232
938
2264
2089
402
1219
2334
1127
2667
2271
2248
1439
1775
2204
2130
1689
538
1303
1063
2703
2199
168
1016
1131
290
714
1110
2055
974
1257
448
860
1117
1060
1839
1611
1432
811
1745
2563
2688
1880
966
1950
1730
1959
1204
2478
2196
2124
626
351
1499
570
360
435
19
447
1195
1262
134
1606
771
206
143
605
2358
405
2413
1313
311
545
1480
238
234
881
1359
354
1981
297
655
631
665
1051
1591
840
2491
1821
745
2021
2681
2671
369
2262
1462
617
1916
205
1052
1200
2044
2214
1452
2382
2107
2043
420
2574
404
1430
1014
620
1252
1454
520
2357
524
1887
867
2223
1072
125
363
1352
1697
2224
2381
2147
90
1022
2457
1211
469
393
1356
384
80
628
648
1315
2576
1023
826
2498
33
1788
718
1760
1914
1405
1389
310
350
1634
1885
1927
2533
1190
1423
1610
2230
1865
1091
2707
1295
7
2691
2203
291
2355
2049
2435
845
975
701
866
476
1477
1948
427
589
200
2672
1411
1770
1639
1751
2260
328
1220
160
2191
1664
1935
696
820
2397
104
1520
1005
230
2601
204
1998
133
1090
175
353
708
693
2258
685
890
1579
1041
918
1093
1895
201
829
409
1176
519
2562
2501
873
1644
2409
1508
536
359
2538
406
2662
1328
663
112
2120
349
1773
1953
1677
659
1254
2155
2178
2410
1912
496
1932
480
1196
2352
741
28
2570
1766
2387
1806
808
1246
561
2507
2239
709
1879
1903
2109
1884
1457
2701
2084
43
1394
1451
152
1057
1038
2545
2281
921
187
512
925
283
304
553
124
1889
1952
394
1886
1422
1633
2676
1672
337
1873
1990
2686
2582
763
610
726
1450
2154
2394
770
2376
320
608
2228
1928
2121
1421
1846
1179
2477
1787
2606
784
1970
1547
1464
2013
908
2631
2535
1778
258
872
2218
214
1146
2684
1188
462
1265
1509
1402
907
2337
2322
1284
2321
864
622
2187
2584
235
1417
2176
113
1701
1612
2344
1869
110
2674
613
611
1645
1239
1387
2625
2400
2386
154
1814
2594
1615
2496
1028
2284
2304
720
914
948
2639
1667
1847
2374
1037
989
487
1320
111
1157
1281
572
362
503
1867
1652
2454
8
674
444
1094
816
703
627
2283
753
407
899
1247
828
2041
2553
676
14
1874
2236
1341
1939
2497
716
261
2212
754
2405
1245
604
2500
1811
1266
2275
1493
2268
2270
2526
2135
1067
355
1630
809
504
990
1461
2378
1551
1169
474
1068
1763
1112
2549
2125
2263
1251
1700
600
2542
2610
340
2129
592
1058
595
916
810
127
233
1470
1021
531
1145
397
437
2085
1968
1366
2272
2678
1947
2278
194
1795
2335
408
1056
269
2569
229
1774
1732
1704
2247
832
949
2383
1629
2227
1318
203
1079
2599
1820
1604
1229
737
968
10
1656
2023
2370
341
1088
1490
1075
2459
2642
2024
2373
1753
336
1494
1822
839
2579
1583
1709
1517
212
2185
1960
912
814
526
812
702
391
2438
46
1755
58
1793
2522
1346
1562
338
1657
616
59
2033
664
399
1923
2439
874
576
386
2029
1272
461
1472
2517
411
272
169
529
1042
980
1115
2448
1772
823
920
586
2557
91
736
978
2603
226
458
939
1710
2256
607
2090
494
365
599
1323
2611
1342
2143
2388
330
919
257
796
2567
1794
2056
2068
667
774
192
489
1813
547
544
2385
1511
1059
1997
979
68
782
1398
1920
2414
1340
1374
72
2505
439
1383
146
501
528
1668
1866
1149
2571
1150
2349
97
2243
1116
2440
731
609
190
1321
747
2046
26
2619
2621
1746
83
413
505
1044
2314
2026
1300
962
366
1974
142
271
2019
180
1526
587
2523
2020
2572
268
821
217
2608
198
1501
805
1222
36
77
2162
1524
1298
651
1601
779
1896
1559
1655
2427
1283
516
946
2095
2279
2513
1485
666
1600
1801
2552
2201
2680
886
241
797
1659
2469
698
834
680
1307
