1469
2476
1456
672
1823
700
853
1824
1095
1862
1109
164
1003
740
1712
436
761
2689
1484
591
1482
1124
227
1962
1170
2475
1924
98
1174
556
2145
1358
2511
2036
1360
2016
1894
1926
1742
950
577
2592
2138
642
2514
827
2166
2561
1992
2558
973
2161
2377
99
27
623
2341
1437
2566
278
1991
852
684
2115
423
138
1255
1654
2159
697
1933
661
1015
2034
632
2127
2293
2319
1892
44
1877
539
984
172
2471
835
2403
1122
1354
690
2151
215
1209
1809
1640
1407
449
923
582
1355
2565
1497
2037
75
2544
1121
849
1849
2640
963
1
2636
224
2009
316
1881
432
707
1244
2339
307
158
585
2189
333
564
1183
128
568
1975
1443
1768
2305
2472
739
657
2406
451
1969
37
868
1314
1711
738
1012
959
1883
2479
1495
2103
1396
2703
2704
1030
2516
1305
1971
1958
658
2478
1441
2598
1530
1334
2170
523
854
1588
2257
743
2402
2521
2030
2563
1351
1134
1577
2347
1009
964
1142
2104
2518
2238
1395
1737
1146
346
2686
1851
1773
2019
589
1763
2043
2214
14
731
2272
1384
668
368
310
1405
2020
2674
2124
169
1028
1090
1318
617
2579
7
1813
1017
439
2186
980
520
1887
1524
2454
350
2307
1912
720
604
0
1169
2256
1176
1770
978
774
2143
2611
2570
694
2321
269
2701
487
1190
2119
193
1952
1435
832
2107
2615
2033
1753
336
1321
2044
1421
97
1677
110
667
1821
2582
443
620
2438
1295
1595
1025
614
334
2423
2098
1400
25
1505
865
2391
1161
1062
1310
2066
2560
2054
2618
2360
710
1235
624
848
762
786
1092
322
977
794
2481
2350
1267
2487
732
2695
2425
2323
1419
971
93
345
1783
2578
1749
450
352
2081
1731
768
2401
1619
1532
2221
248
1403
869
1994
952
888
105
376
1156
913
511
1713
1083
1901
1512
1029
392
871
1945
1108
1338
1898
1172
896
2057
2123
2137
1453
1830
1864
1648
1084
1553
32
303
1154
166
2692
603
991
479
2276
922
2556
2299
578
1976
1368
149
2062
947
1412
2215
286
1539
2527
2096
344
2290
156
2188
2312
2617
1292
1919
1234
2441
2253
675
2282
2663
1954
186
2494
252
1616
2666
1202
870
2430
1791
103
750
842
472
1573
210
1193
82
463
1845
2014
1523
1319
953
1836
2392
2264
493
910
1404
1544
1911
1474
1219
1771
1481
209
2175
1127
2065
2192
1878
1931
390
935
2659
1662
2624
1098
966
800
1745
2089
1264
1917
1663
2286
803
290
1631
1063
343
2278
2185
1446
590
1157
1129
2056
504
1262
43
2340
2029
122
1746
206
570
111
391
2306
15
666
2239
407
2041
2023
1592
384
1629
899
1633
968
2567
1509
234
741
1499
1422
2049
586
144
291
719
2201
1485
1494
1794
254
659
399
331
1814
152
461
1272
2459
200
2072
1997
1239
427
1551
2549
1879
2601
160
2386
2542
724
1847
501
2435
2676
2388
377
1818
364
709
1538
1846
469
1583
88
884
1964
1833
2012
2182
2028
1827
1339
1678
795
2273
535
6
2146
421
323
1460
1032
1522
1386
2345
267
2694
2092
1658
695
264
550
114
2555
2354
2197
2690
1260
2156
1053
1191
1918
1607
1364
2356
181
171
1739
2418
1986
1187
1500
525
508
2198
2005
382
1227
2467
2099
400
52
1683
1050
767
424
560
438
109
1019
2483
931
1702
514
836
1238
1863
296
640
2210
1000
159
692
1786
1561
1514
859
1692
430
1309
78
1468
1875
1647
1104
2315
1858
1888
2495
2342
1671
1223
488
1708
497
1853
1861
792
308
2113
2059
861
1322
507
255
660
20
299
2246
1605
1306
1006
1024
2675
157
2110
1296
618
1198
518
2053
1166
2073
822
1270
1343
2548
2346
199
1661
177
381
1491
79
2653
1835
70
555
957
1567
1273
887
2141
2696
722
574
1004
2331
791
1135
287
876
89
2623
140
242
1269
706
1586
635
1848
2324
453
375
2508
1618
2225
1762
1160
1444
2509
1329
2168
2644
1390
1105
2627
1280
1132
885
1433
319
456
615
2011
1290
378
431
967
418
2326
2080
2006
2015
1026
40
2455
926
2580
459
481
2297
638
151
2528
1705
1337
2067
1492
932
1164
1237
903
1748
1566
2180
130
2031
56
2040
778
2651
54
1727
2583
911
1074
1808
2333
1197
317
1449
798
9
2367
2172
1173
2329
1967
1669
2633
1576
1361
1792
522
1363
1521
2657
2004
1199
1897
569
251
2134
1236
2685
1550
2320
571
549
1181
847
1388
790
924
2327
208
596
1185
1189
1510
955
1027
517
976
1982
2458
332
327
929
2575
2700
2456
250
1842
2577
464
2389
1276
81
2208
2164
468
2140
1829
1641
1941
1803
915
1857
1549
1800
2428
1087
2144
788
1913
95
2532
484
2219
1624
1478
954
2366
917
1938
1375
2525
1608
1463
1722
1910
1993
905
1525
892
170
725
270
2094
713
2022
1876
1324
2148
1868
260
777
969
2285
1602
2677
1716
1064
584
467
2416
645
1308
1548
41
131
993
326
2417
2160
1983
2167
2097
1372
1288
776
1899
2634
1425
280
532
1097
1723
498
1988
1527
2064
2669
748
2543
2492
2654
94
2693
1614
155
1294
704
1502
2136
429
1660
2488
2008
246
2506
904
2234
1907
759
723
2590
2362
2699
71
1802
2313
401
1714
1582
442
2288
1458
2443
1436
2419
2287
1506
419
891
2002
1357
945
1870
389
1765
742
1186
1076
1381
2318
909
1393
137
772
2679
2017
324
218
2375
2559
1158
2025
2434
1909
1977
2153
898
275
1900
855
641
2546
2063
1086
371
851
573
1414
2462
23
12
2380
557
2404
2420
787
2463
108
2114
1543
2620
2266
996
1934
1168
1128
1613
161
499
1906
117
2108
1241
2468
1682
2524
51
1141
1020
2088
2292
347
619
1268
1995
1479
944
1922
5
1147
2510
895
802
398
1427
4
999
2384
2531
711
510
1942
1852
48
1757
841
2698
1777
67
1545
515
2348
1507
2697
1336
2474
2573
646
2421
998
358
2461
182
342
2169
76
2301
1013
715
1838
1133
2588
2078
897
2241
558
1291
1593
894
485
211
647
276
185
1335
1908
126
838
639
2235
2682
1415
84
1759
1162
1747
1326
2460
1287
637
1666
495
491
1856
533
1681
452
1240
1764
985
1503
115
339
1733
850
2464
107
1937
325
2529
1201
312
2660
416
2076
74
62
2242
1078
1555
292
2596
1397
1978
1761
1504
2069
513
2661
1972
2311
2000
729
279
2343
889
1347
987
2310
818
594
1617
2605
2303
1597
1483
96
1496
1125
2489
2482
670
2398
2415
2645
2359
1882
2035
441
1674
313
649
222
686
2616
414
1554
2071
225
231
862
1556
1033
2048
2658
883
1904
2593
30
831
2585
2371
1348
285
2597
1002
2656
1855
2075
1126
1152
2447
2614
634
454
1805
1401
2294
2466
69
858
1345
2074
256
2399
1304
1385
819
1089
760
2473
2157
288
1626
534
541
1344
994
221
1163
486
783
1642
1535
1568
2372
1420
1698
580
2128
2338
318
1537
2308
799
1248
1001
2665
1636
581
482
1989
1194
1706
1699
1210
1707
2060
540
1570
1046
1214
1653
951
2607
1987
1377
300
50
1278
13
1465
2052
1475
2131
2289
2568
445
752
2581
1048
986
259
2626
1680
147
1416
183
2395
2038
1101
61
2122
937
1854
1040
478
1107
2091
1542
679
1695
1735
1804
1534
1574
543
1047
1951
1111
2622
612
1513
2706
150
824
2502
2484
593
983
2364
2245
643
2465
245
1621
1317
2010
2231
2369
1448
1413
806
64
1860
2061
116
2652
1531
1426
49
266
825
992
1635
1350
1498
2244
470
262
1212
1752
236
47
785
284
1138
629
801
1584
1233
1665
1367
1552
66
2184
1155
434
817
683
901
1302
928
2547
1148
1843
981
1039
857
457
1215
2520
1263
1123
583
927
2635
289
2587
2424
1208
136
2032
1651
1275
2070
1679
521
1622
2649
1726
756
1226
1686
652
2550
176
1750
2602
1085
2171
373
379
837
178
1442
1684
428
598
2450
195
1428
1781
2100
1256
1011
2195
2291
597
196
1081
184
335
2300
669
1102
29
1073
2158
2229
1620
1177
2106
960
1519
106
2045
1578
2589
1837
1049
417
1963
1587
2132
1071
1944
249
1061
1961
735
1259
348
1327
433
893
1720
1445
1486
1370
509
223
396
1956
1297
2493
654
2126
997
87
1312
1955
2149
1007
1528
1569
1180
877
1165
2365
216
1627
2436
2213
1489
1609
2591
1596
1434
2194
2142
426
2240
2449
1721
2668
1151
2539
135
1429
86
1182
2650
1819
1082
1301
1776
314
2190
2217
1008
1010
119
302
2609
2163
2426
165
2534
2079
2431
1271
1228
1192
295
601
2027
563
1779
1979
1045
2222
1438
1703
2174
1816
483
1557
699
321
35
1643
688
691
1316
239
1540
1782
2628
682
132
1560
477
45
370
506
749
1957
2432
281
2209
63
1767
1217
465
1758
471
2444
2629
492
875
1546
554
2
34
653
2647
500
3
588
57
274
733
566
1632
1625
775
1649
559
548
1841
277
1687
2586
734
2309
1376
1599
1589
60
882
213
24
562
425
1693
21
92
1828
671
1515
2328
2485
367
843
567
167
412
2480
220
2536
1844
2179
440
490
1459
807
633
197
1447
2118
305
148
1349
2051
2408
73
575
306
2437
551
1741
2150
85
1529
804
773
2687
552
2655
1137
636
1253
16
1585
446
650
502
1754
2551
2442
2018
2368
565
460
473
374
644
2207
298
2453
2412
2411
173
1378
455
656
1780
294
1581
988
1440
118
2183
1213
39
2007
879
936
933
621
410
466
247
162
385
1859
1890
974
2396
1799
1685
1690
2330
1178
240
1225
188
1036
780
2641
2637
1439
189
1834
1114
1563
1905
1353
1603
1331
1946
1940
2451
1409
1184
1279
717
1476
1784
1379
2248
1330
1717
1775
2638
2139
538
2267
1473
2407
1980
1131
789
1611
448
329
1646
1018
1159
1408
1689
2177
744
961
2250
2111
402
2101
1675
1950
65
1730
2130
1432
1936
1565
1106
1261
689
846
2604
1826
2470
2226
1691
2429
2554
755
1257
191
2664
2259
2296
1065
1670
2646
811
1096
2702
2667
168
309
1204
1333
1840
1650
856
1736
1286
1216
2232
22
902
1299
2332
2515
2643
1035
100
1218
1831
2251
793
940
1274
1467
1790
970
2613
1734
2173
1738
2001
1943
2055
728
938
1959
727
1985
1696
1113
2039
2316
1785
1880
1303
602
1391
2302
1536
1638
721
934
1740
2519
1807
530
243
1984
2564
1925
2705
1069
2363
120
1424
1541
1221
1628
1369
2600
833
815
1719
2116
1325
1054
139
2200
769
1575
1533
273
2334
1016
714
1558
1117
2133
2237
2280
1224
219
1694
415
2249
2205
1136
941
2252
1232
1571
2087
2353
1231
1598
265
2504
2058
1832
1999
1572
2512
1715
1077
145
712
2152
2269
2255
781
2274
2204
2254
1034
880
1139
2265
237
475
1277
982
372
53
844
42
1392
1921
2202
361
1580
1175
1140
2211
537
1769
956
958
758
2199
1973
606
55
1796
1311
1743
2630
2673
681
1410
163
403
1673
1872
2047
1230
1797
38
2271
1332
2277
546
1143
357
2206
2446
757
1688
380
2361
942
1110
1070
2317
1205
813
860
1060
1590
900
2003
2193
2688
228
395
1362
965
2220
1153
972
2216
1249
1099
2196
1206
2165
1728
1167
11
1130
2261
2082
1518
1516
764
2298
129
2490
995
1930
1756
943
1729
422
1207
1850
2102
2295
1466
1839
1371
2077
2379
2541
1965
2086
1594
141
1455
765
1380
330
1320
2457
1471
753
58
685
2187
1701
1915
1066
607
2680
1359
2513
1874
718
579
2383
1383
1399
190
874
746
2281
1044
1374
311
676
2224
1600
293
751
154
2499
238
2357
2381
328
1211
301
1067
2263
1615
2507
1947
1655
2405
1300
703
17
2373
2351
1788
886
1889
605
2448
1145
1477
2595
730
677
355
2352
2594
1751
315
1811
736
2486
1051
1990
1298
1423
480
1100
1112
919
2085
600
809
366
2569
338
2537
946
1526
990
404
1806
2236
708
1356
866
527
113
1418
2155
2526
2191
576
2304
771
1116
1171
2603
1996
766
622
1652
1031
1664
235
1488
2397
494
388
33
1772
387
1323
2523
701
678
939
2610
2632
2671
1366
104
1928
2409
1825
1283
102
68
1787
2496
821
1284
2162
2553
2691
1454
1704
462
2491
258
2154
1402
1014
595
2262
1245
1041
2336
1659
1896
655
814
1242
217
1920
1612
2314
544
444
1289
547
1247
2370
834
2349
914
680
31
2410
1411
1873
1059
2135
1709
1718
46
1517
1072
142
1559
2090
230
2545
648
845
232
2212
1281
271
2477
2233
351
1254
2606
2120
2268
1644
1949
1285
2452
1697
542
1118
1970
2283
1865
796
1079
864
592
628
2631
304
1606
1250
174
2533
1932
353
1457
1562
1091
1487
698
187
726
203
1389
146
2117
2260
1645
2619
241
673
2181
872
1119
2176
2648
127
362
630
782
1774
1188
829
1220
1732
1867
393
2021
962
320
1055
1472
2621
1243
1710
153
1313
201
1282
1760
1923
2105
282
437
123
1493
2147
2068
908
272
179
664
613
1203
503
1885
1315
1801
1564
2672
8
413
134
2358
516
2385
528
779
1293
2535
2394
2270
1470
1251
72
747
599
26
2258
572
1023
881
1005
2439
2576
1052
2228
1935
1103
651
2387
2083
2344
1656
610
1464
1914
2050
1480
2382
204
1452
2393
2681
1382
524
797
1676
925
2413
420
823
408
1793
397
2684
1866
2084
662
2574
91
663
2243
2125
674
2026
205
1974
356
1021
2109
2584
1639
1778
2608
1252
337
531
229
1150
609
1196
1902
2639
625
2572
1417
1672
2440
263
1042
1461
1058
1508
2522
1822
770
283
411
1630
2337
297
1037
2422
1903
2517
2322
2530
1948
979
476
2093
2376
696
975
2013
867
2247
705
349
112
921
1700
2279
383
359
830
627
1200
2538
1810
90
890
2612
1057
693
1394
1766
435
2498
949
1307
1387
180
587
121
1886
1998
545
1398
2284
1038
19
340
2599
1431
496
80
1340
365
1817
1869
2642
1968
1265
2024
1929
2427
124
1462
83
1144
826
28
1604
18
1068
1179
989
1579
1056
2670
2505
1149
1373
474
2678
253
1266
918
702
2501
808
1341
1591
143
59
2112
405
2400
1022
2562
1895
2042
2540
784
101
1798
2497
409
2325
519
930
1637
828
626
1365
1755
1815
1511
1916
2469
1093
1342
1960
526
1893
1406
907
2095
1927
369
912
1080
360
202
1610
125
363
2390
212
1501
1075
2178
2625
133
1120
447
192
1966
1328
2378
2571
2445
840
2355
244
2275
261
2707
839
214
687
948
1789
820
2218
536
737
611
2662
1094
1430
2414
1246
608
1222
1352
805
1953
1981
257
489
1115
810
745
2500
2557
1450
386
1744
816
561
631
920
2129
233
616
916
354
1724
268
529
873
2335
2683
2046
77
1634
406
754
763
1043
1623
207
2121
505
1490
10
1820
1884
1871
341
863
175
906
1520
1451
2203
878
1891
1547
1657
2230
194
1939
2503
1667
1812
226
716
1346
1795
36
1088
1601
1258
1725
198
812
1229
2227
1195
2374
1668
2223
458
2433
665
2552
553
512
394
