2675
2528
1897
1032
1739
1924
2326
2059
255
1360
70
596
2627
1727
2475
2198
78
2483
1861
1400
9
1053
672
20
574
2015
2333
1388
1561
2689
786
227
1669
847
177
2577
2561
2235
2094
1083
1507
704
1087
1593
250
896
929
2017
94
2167
915
1294
913
107
2169
637
838
632
2421
429
1172
711
1856
155
623
1097
1555
1128
641
895
2063
2234
759
131
2443
2559
1479
2665
1855
2060
649
2635
2071
1278
2061
1640
2091
2489
2369
172
44
2151
593
819
2692
2465
1302
1126
1860
1248
2597
1674
1805
1154
983
2303
396
1721
1256
1578
2663
433
2449
2365
997
1750
106
1180
1726
597
2240
119
1085
1151
1045
118
2442
739
656
220
1649
295
2687
1440
2222
2118
842
750
465
749
1816
2150
247
1957
559
1432
781
1130
1745
1797
813
2237
902
1943
2103
2688
1481
1205
2316
1379
2055
1230
2192
714
1831
100
833
1518
2504
1728
1834
1905
1016
1441
1872
2271
1362
2116
538
290
2251
2451
141
1775
844
2238
561
1406
2427
2284
1623
2046
2576
1815
1145
2632
1315
104
2691
487
124
80
1725
1402
193
2044
404
1755
1772
1914
1655
1793
2272
754
1120
1606
1559
192
2024
907
1867
2469
1196
631
1265
709
663
2499
1250
397
886
2572
1258
529
1341
1798
1744
362
698
2026
2321
229
1948
2233
33
127
111
1283
7
1801
1144
383
234
8
2517
1629
293
605
696
1229
2090
1043
1774
608
526
595
2422
508
2555
2005
1858
1824
1237
977
2329
1484
1522
323
1364
1027
1510
1135
614
2297
1748
1235
1514
1160
2391
140
798
876
955
1363
2481
164
2696
700
2356
1702
1270
2182
1995
51
2543
2016
1608
2693
1502
398
41
1525
748
464
2698
2208
802
2462
495
1765
2144
1682
2510
484
2140
851
1654
347
725
270
1437
1906
1308
917
2506
416
1713
515
2069
1619
389
2097
1338
161
266
1843
1626
1695
30
1475
2547
683
1635
817
1215
1210
289
994
1648
2484
2157
951
1209
1355
2137
2706
2556
2308
937
1304
2616
222
64
2450
1177
135
2229
379
2550
2163
2190
707
1327
249
165
176
1781
1292
2431
2045
1528
807
472
252
2328
1316
24
563
471
562
1859
2018
502
548
410
868
298
82
197
500
988
1193
1594
1142
1931
2703
1729
1140
1391
2334
2254
2702
1730
2512
1685
1077
606
2347
1143
2516
1392
2252
22
2407
2600
2274
2200
546
2563
403
273
2249
910
1611
966
941
1541
1769
2598
1184
758
1136
1563
2270
204
1600
90
1947
668
2129
232
1146
1794
2549
351
919
2497
1366
2049
2439
2387
346
1932
257
134
1490
2676
2033
2414
1037
2491
2686
2681
1472
91
949
58
2278
1610
152
741
2013
1891
1022
1365
2155
2385
1612
1457
1916
1374
2498
816
1284
2574
2386
2191
1384
1038
914
939
763
283
1885
2239
2648
2459
920
2260
1488
1579
2243
2631
19
616
1470
1157
2433
1272
664
1051
1912
829
1389
560
497
695
308
1390
2012
6
1170
1918
2653
2476
732
1962
2066
2511
1505
424
199
2467
638
2031
400
1197
431
2418
2011
1658
1322
2320
2685
1105
1310
98
1863
660
1124
1296
2197
52
1712
861
481
2098
1006
334
1050
1198
1491
569
1223
957
2006
54
2580
740
1062
2004
2633
1227
2180
2354
692
2508
1343
299
2141
296
25
1678
517
2246
1092
1166
2324
549
79
911
1273
1964
1848
924
1185
1607
522
2172
1074
848
1109
130
430
1337
1026
1361
2360
791
2350
1827
853
1888
1164
381
2092
2067
706
1586
109
1173
640
1853
2345
2695
1444
518
1199
1683
2036
2168
1449
2110
88
1482
1095
525
1003
2342
967
2455
885
618
1000
926
1492
2080
2644
1835
1708
2040
421
2134
151
459
1786
1306
2113
1187
2225
2327
1019
1024
767
555
1456
157
2099
317
453
635
884
319
1605
887
2509
710
865
2146
1595
89
903
1309
591
418
790
2028
1618
264
2156
322
1469
1500
375
2495
1267
242
2560
1280
762
2690
1238
2273
795
1191
1705
382
1433
159
2423
761
1862
859
40
181
1025
2487
722
2694
1808
1174
287
1339
1967
114
2073
1567
1260
571
794
535
2054
1671
2657
2053
1386
378
2623
1875
1460
1521
514
1986
1550
550
2618
2548
436
822
836
1236
2145
2583
2367
1468
267
251
56
1161
624
438
2210
1566
1792
1104
1132
208
1358
2346
932
556
792
1661
615
1004
456
1189
1290
1762
1181
1647
2315
778
1823
931
1833
1576
507
1329
1692
2651
171
2331
1269
488
1268
2159
2153
1503
1926
48
342
1723
1375
2318
1029
777
76
2420
276
371
2380
2546
1141
954
1287
889
2115
218
1624
2221
1335
985
2389
1549
1326
723
126
697
2588
442
511
392
419
170
2348
468
646
71
2025
1186
1922
1156
1857
339
1276
1013
81
2464
1757
973
2634
1945
1913
584
2654
619
2341
2697
1512
1972
950
1938
27
1978
2343
2596
905
2311
841
2404
909
1201
1937
1324
888
2285
1548
2474
2401
312
2108
1988
332
2566
185
1977
1802
1543
897
2242
2514
2161
358
852
1064
278
345
1894
855
1425
2136
327
1397
2417
1941
1991
1078
639
2456
510
898
1660
260
499
1403
1992
772
2008
1427
788
12
1907
1393
1908
1733
1933
1015
1764
2700
2492
2661
138
1777
211
2160
1666
871
1414
2022
2292
1357
2301
1759
1241
1291
1761
2241
2219
491
2461
1147
642
2362
292
1876
1898
2575
993
1681
1458
117
280
1478
1020
1086
1133
2679
1803
1783
2081
827
352
1545
1504
2166
1934
768
1532
105
2425
1419
2138
2590
423
2088
1731
1716
558
647
2458
1288
2002
93
1076
1747
999
2375
2288
1255
787
513
2000
1108
1901
894
137
2377
108
2313
246
2428
971
715
1506
557
713
684
182
2468
2524
115
2266
23
2164
2287
850
1800
2558
1336
2699
661
742
2148
2076
485
577
4
1240
325
248
1614
1381
1829
944
279
1372
2660
74
2578
1582
2366
1909
1942
998
1436
1158
467
987
326
2127
95
1982
2114
2677
2669
275
324
1842
996
1838
1910
2323
2488
84
2078
2416
776
2460
1870
1993
2620
1983
1162
869
1994
450
1347
2419
1868
1749
2682
1722
2034
1899
645
1613
1742
1900
1714
1168
1415
945
2064
573
2531
2592
1852
376
904
1602
2384
5
952
2463
891
2529
892
1641
1463
1527
969
976
498
452
401
2525
533
2532
729
99
532
2293
67
62
2573
2434
1350
2593
1864
236
1877
1123
96
2371
1498
1809
2585
2645
2299
150
2652
539
1194
928
69
1412
1002
2294
1483
147
603
947
1653
824
1089
2245
752
1040
857
1496
1453
2123
541
534
923
1699
231
259
629
760
2231
1617
1354
862
486
1513
2581
1125
1621
1377
2364
1448
2614
679
1568
806
2605
2131
801
300
1680
262
612
215
1122
1152
1735
1465
1407
1233
1048
543
582
303
470
1214
1413
1904
690
2048
1348
1584
818
1084
2398
2074
1047
2622
1892
799
858
2658
2052
288
47
643
221
1554
785
445
1416
583
2038
2122
245
1830
922
285
2415
1317
441
149
2319
1263
984
1155
1570
580
1107
1148
1707
449
1552
825
981
1556
434
1636
2338
986
1976
1344
594
2520
116
1497
1574
901
313
2403
1163
2310
581
2482
2128
1752
2395
2626
2184
2075
578
1401
1882
1101
479
1535
2656
1345
2502
1212
1706
1033
2399
2244
183
2471
1597
1420
454
1987
2568
457
2289
2447
478
1665
1039
1385
2607
1804
1989
13
318
75
992
1001
634
32
1367
2037
991
66
835
831
2565
225
1368
2062
256
883
1121
482
1553
49
2215
670
1046
1854
2276
2359
1951
1534
1426
2544
686
166
1531
2010
1642
2057
1537
1542
1138
927
783
414
2035
61
2372
284
540
50
1698
2473
1111
2466
2534
598
2424
2589
1609
893
2312
1596
1919
1429
669
335
2096
2188
735
1226
1081
1956
1627
654
2527
1082
1776
1539
314
1
1684
1182
2591
2339
1679
1881
2213
1651
2282
86
509
2587
2070
837
960
2100
1061
1955
585
1428
29
2149
963
1008
2640
756
1837
2668
1010
302
2493
1049
432
156
1297
2650
2609
1849
2009
2195
428
2079
178
184
2253
1275
1944
286
652
1720
2194
426
348
2290
2436
1442
2126
1445
1961
223
136
1486
2426
224
1963
1259
1489
307
1234
2142
1102
344
1622
195
2602
2189
316
1007
1819
2132
1312
2171
1073
849
2300
1165
877
158
1301
2158
2636
417
1244
2649
2539
2441
675
1519
1071
216
373
87
1620
2291
2217
1208
1587
1011
2032
1434
1370
1271
196
2617
1686
521
1569
2106
1741
1758
1767
162
45
2368
1954
2305
412
551
167
2027
1213
671
633
1625
321
552
1515
1459
775
1137
483
699
575
148
1438
933
277
601
2406
564
691
2472
281
653
738
1443
2485
875
2586
566
2432
657
57
490
333
1349
186
2437
370
688
621
367
477
1643
440
1703
466
843
39
239
1540
1782
1632
1573
1012
644
1780
2
773
2666
567
21
1841
1754
2430
2207
2174
2412
734
2444
1557
2209
1589
2051
1979
294
1192
2179
16
2309
173
2647
2007
213
1828
1845
85
733
1376
2453
2183
1217
1546
128
385
132
1711
1599
2629
568
1228
870
1560
2411
682
879
34
650
1585
1616
804
1791
1844
446
306
882
103
451
2480
506
588
1581
1768
3
305
1975
2551
1253
2014
1529
473
2494
1779
460
274
636
210
492
2655
2408
455
565
63
60
35
554
2536
463
1447
1693
425
73
1687
1183
1969
936
1314
92
1202
2628
374
1378
37
402
1650
1098
2515
721
728
2087
2196
1106
1890
2269
1207
2624
1516
168
2248
2638
2396
1351
943
1673
1577
2363
2521
2102
1836
2541
2646
1096
800
1225
2177
1572
1395
361
1325
1925
1424
953
1261
1839
1070
2429
1737
2206
2317
2643
1167
1224
1536
727
1060
2170
1590
965
65
1580
2089
1715
55
1785
1277
1575
1598
2261
1408
1204
357
1985
265
1018
1965
2152
237
145
1663
2554
1917
1691
1662
1353
2604
1099
1476
1380
743
2470
1631
2086
1883
1688
1973
395
757
2104
789
2296
1333
1840
189
2199
956
1832
2667
1473
1850
793
2204
2193
422
1219
1756
1921
240
2302
343
2659
2211
243
2175
2139
2330
1065
2265
493
854
1738
120
1206
1628
1264
1221
2479
940
974
1588
1565
1159
1603
191
1153
209
961
1670
329
2490
1523
1880
1984
972
1009
2332
1694
1696
309
1331
2259
42
1571
2255
2280
712
219
755
2402
717
2232
2664
1689
900
1279
2298
2637
1784
2030
1036
2101
959
188
1257
1117
1396
1054
523
1175
1796
1930
448
2379
1807
2630
53
1544
2133
2673
1999
2003
769
1971
1734
2277
2039
2082
2216
2173
2613
1131
2519
372
1467
415
1334
2130
530
681
935
2518
1404
1139
1069
2058
2705
2205
1113
958
1495
995
1743
1409
880
228
1740
2704
1530
1638
765
1719
2392
1771
1690
1035
1231
1286
1675
780
2001
2446
2641
1980
1299
139
1936
942
1790
1736
1305
2202
1940
1958
602
1134
2077
1911
1369
658
1950
1799
1330
811
846
2361
11
2047
1127
1178
2478
1717
982
2267
129
856
2111
1232
2065
38
1034
2257
2353
2286
537
2226
1826
1216
1946
2264
1114
860
689
1878
390
764
2165
938
1063
1533
970
744
2564
1474
1110
1466
803
1558
964
1959
2295
1030
1311
1249
1274
1455
2220
1439
1371
163
475
380
1319
815
1646
1218
1332
2250
1410
1303
934
948
68
1044
1487
2268
435
338
2674
1387
746
175
2603
1981
1753
1818
350
2224
1953
1295
1464
2107
1452
2388
925
1710
1896
26
2105
2262
2579
1664
2619
2540
745
648
1644
620
2085
1825
2109
622
384
680
2307
1637
1421
687
701
461
1847
1247
716
2020
214
1058
1103
311
2599
2671
474
364
1997
1499
1321
1952
673
2019
101
1450
1667
2120
393
2670
805
1672
2680
1886
1939
2608
2397
770
1583
1887
2281
2400
235
2409
205
2621
340
1094
1811
1821
2112
2283
1873
1751
1884
174
774
737
719
110
2522
1057
531
1865
301
784
1072
1245
1340
1822
320
1066
630
1770
2154
2606
1383
203
823
359
590
586
751
2535
980
354
261
297
1633
1485
1461
2023
2337
2042
1243
462
1005
626
2381
1017
1639
268
724
1056
112
576
2176
978
1266
731
336
1766
1454
814
2304
1520
677
1763
1773
1293
1903
592
2143
834
310
771
238
1289
1788
1100
2322
1399
2214
2615
2594
505
2513
975
1052
599
1203
2678
2275
1562
1323
2526
2349
1677
123
820
946
458
1254
2595
808
1346
2538
527
2358
1079
524
512
1115
1920
1471
272
1300
2258
2247
427
291
1423
782
607
43
206
1281
2043
1501
1592
1282
2496
1411
1023
519
826
2256
2325
2405
244
828
2029
705
1431
241
409
890
480
609
873
1190
1435
1701
179
1889
1814
2445
2438
1251
1028
2570
2095
797
28
1200
233
536
1657
1493
962
2228
651
1700
1116
1307
1820
413
2181
2185
1604
1031
1806
1298
1285
1812
547
2230
1252
2314
667
1342
1508
1352
2569
2335
1405
1732
2355
2611
1093
271
18
1928
2452
1817
579
2203
753
1869
2378
399
2507
1935
930
2440
10
2147
2662
2454
2212
2390
263
1634
1222
840
1211
439
253
1517
2486
589
1090
600
1968
1746
1676
2117
1055
1171
878
368
1446
726
355
142
2530
832
1902
1851
1041
810
2357
1879
1813
906
1960
1866
1927
1871
2393
703
160
718
989
476
1014
676
2413
1179
207
2684
2545
553
587
1418
1810
736
2672
328
1547
1042
1526
545
1709
1118
1787
31
154
839
212
1480
2542
916
881
1067
528
133
1704
1990
665
504
394
627
2336
1318
899
1088
2223
46
501
1394
2523
1601
979
678
2093
516
1462
1188
1129
337
2537
386
2639
200
496
146
2642
1697
655
1359
1169
730
341
1846
2584
845
2186
190
2370
812
447
14
625
1630
1652
2571
97
387
407
1328
365
2306
908
2050
1176
918
1509
821
990
2351
1149
2457
198
363
659
572
1970
258
377
2625
2553
2557
1923
2056
2218
2373
1021
1320
544
2394
1760
187
830
2374
1668
863
1195
1356
1966
143
1242
2124
1059
437
1477
36
1246
443
2552
2201
720
1795
330
2533
866
1382
779
489
1451
747
2119
520
59
921
2707
2279
2501
968
1645
353
406
356
494
1313
420
1398
1591
2601
867
1789
1417
1430
282
874
1778
113
2435
122
1895
503
72
674
1615
1656
628
2448
366
2263
349
408
542
809
1068
1998
2610
411
1112
1262
202
1494
666
2383
180
2683
613
2162
2227
2376
102
1524
144
2382
2021
0
1080
2072
77
2582
2477
1659
570
405
315
2178
169
604
2701
15
1422
17
2084
2352
153
1538
1091
2340
864
388
2612
1511
1874
1974
194
217
912
611
83
2041
121
369
2135
201
1220
1075
226
2083
1893
1373
766
2562
1718
1564
617
2503
2500
469
254
662
694
2068
2344
269
2505
1150
1551
391
2125
702
304
1949
1996
444
230
1119
1929
796
693
2236
1239
685
708
125
872
2410
2567
610
331
1915
2121
2187
360
1724
