1237
706
317
78
549
1019
1647
1505
2006
497
1160
70
1833
267
456
1897
1692
1567
2327
2092
1173
2467
1827
1823
924
847
1003
1739
1727
1661
1500
164
1227
2012
1683
2682
485
2468
515
358
2362
2377
2000
1994
768
2285
1624
759
275
1372
1506
993
1933
1504
276
1749
1654
71
2434
1757
1722
1548
2463
2532
1945
2241
2384
2461
484
2679
2234
1899
2443
2348
248
1682
646
1989
2010
2231
1699
1453
172
457
1367
1089
49
578
2364
2415
927
799
47
1892
1121
2299
2075
1805
2626
1263
300
1047
2447
1084
313
922
2431
2609
2096
2339
417
2602
1081
1528
893
156
1721
2650
1177
1684
1102
1073
1881
1244
1585
657
691
567
2411
2437
425
936
1969
1816
186
1581
1844
621
220
650
492
1012
197
500
39
380
1030
953
2703
941
2055
1775
1439
1571
1396
2296
1533
2451
727
2089
1175
2298
1299
1598
1691
1009
658
1834
2206
1178
1518
219
956
191
844
42
1409
1016
1410
1230
880
1134
2255
120
1114
1558
604
1485
320
1093
1564
1795
2552
2684
925
2387
1342
1551
2639
730
17
2093
572
2191
1869
2496
1272
160
613
152
527
1282
1383
269
2612
2567
2236
1435
1356
2373
878
570
832
1879
2530
1247
829
1091
834
1499
655
866
2393
2125
238
2349
519
2351
2670
1072
2535
1116
1421
1451
2029
328
1119
2523
2537
1874
2606
916
2186
439
1929
2263
918
2258
2571
1480
1538
782
2631
1365
1704
1885
2579
2073
791
481
2054
2455
2031
672
2367
518
1491
1702
1238
1671
571
700
424
400
1135
1748
1363
977
1109
1861
1618
932
430
1364
2475
2066
1469
660
1853
1712
2685
2651
1133
270
2022
2094
898
1983
2525
1856
117
2221
888
2590
2699
945
107
1013
48
619
67
2559
915
1294
1326
1425
641
952
1403
725
623
1549
2596
1507
2416
929
2464
838
1308
969
137
1097
1064
2078
225
593
1033
262
1483
2091
1554
2706
2489
288
612
2137
543
1233
2585
1860
2359
2665
2403
1212
541
303
1987
1152
2556
1368
752
61
1416
178
432
223
1008
2534
195
2539
2550
2591
837
1151
1071
1085
316
2424
1275
1208
1919
1217
333
148
410
132
2179
2408
2174
295
466
247
239
1754
1779
21
1758
2666
933
739
2430
34
1117
1018
1883
422
2317
2688
970
2216
1965
2624
1743
1638
2277
240
1565
2379
2257
2103
1131
1391
1516
1035
2316
689
2638
1205
1069
237
1662
53
1330
1098
2407
2396
343
1311
1351
141
2058
1985
1441
1080
1171
330
2397
651
474
1094
234
1462
1960
1932
2162
496
268
253
206
1461
946
845
1262
1341
2176
1893
212
46
2438
863
779
751
890
2268
2043
708
1639
2459
881
202
2619
2400
1220
1041
1222
1815
746
2381
2507
241
2533
1966
2498
1266
458
1912
1896
1285
261
2227
617
1770
2325
2681
2513
1028
90
1454
1488
1120
2357
494
1422
2595
1700
2611
2385
696
1118
1450
867
1075
1592
409
1032
40
1605
2110
56
1808
1187
88
418
1026
1280
1296
535
308
931
836
2180
1361
89
2098
199
2580
1762
848
2354
2297
1358
1522
508
1521
287
264
710
378
1658
1492
421
2246
2113
795
1962
884
517
2583
1967
556
1390
1290
2168
1181
955
514
885
2067
1309
859
1514
1824
1550
640
2342
1024
6
1185
1161
1708
1025
2548
790
525
2315
1198
596
20
822
1964
171
2329
555
2141
177
798
1223
1236
2225
2560
2487
1189
1595
2657
2555
2015
2345
453
157
1444
2172
1875
1104
624
2197
2356
2331
569
695
550
1105
1343
2694
2036
1310
2509
1191
635
2146
2005
2320
2690
1170
1586
1027
2511
242
560
1858
1267
1260
1786
54
2391
98
2644
2333
957
722
1863
299
762
2695
1449
1918
431
1792
1235
1270
9
2004
1092
1360
1386
2627
2346
638
334
2689
1062
438
1484
2483
459
1669
794
323
322
778
2528
2324
761
375
181
1835
1924
2273
1053
1006
130
876
1482
786
25
2028
853
2198
1164
2476
1322
2418
2326
1566
2623
227
740
1433
2360
208
1197
2618
1986
614
1174
2675
1862
2481
2156
2508
1095
1400
1000
1166
2059
732
2134
2182
1888
159
1273
151
615
1199
381
488
1848
109
911
1306
2099
2053
2040
1705
251
1388
79
436
2210
2696
1329
2633
2653
1050
887
618
591
1337
1561
1456
1510
574
1132
926
296
1074
140
1269
792
967
767
2145
382
861
1460
507
319
2011
255
1468
114
865
1339
2080
2350
2495
1607
1576
1124
903
2423
1004
52
692
522
1678
1083
2417
2311
1681
1543
392
2108
892
1276
976
1241
2318
2529
1608
2313
1978
1898
2266
2575
1666
573
1907
2081
1436
182
170
1802
2017
723
2506
1288
2144
2148
1162
2288
84
491
987
260
51
2301
999
2002
2566
895
2634
985
1336
742
27
218
498
468
1141
776
1087
891
2169
4
352
2421
1857
389
1982
2420
1593
416
1926
2693
1502
1375
2578
944
1458
327
2114
748
2561
1868
897
115
278
2025
557
851
1338
398
1415
632
2115
1941
99
1503
852
1186
1172
1414
2008
645
464
2419
2136
12
647
1913
1761
450
423
1128
1723
1842
2166
324
713
2474
1463
1076
1419
904
2660
2076
577
1908
954
2380
2343
971
5
2456
1545
1268
2069
1397
2458
41
155
325
1158
1324
1555
1906
2063
1870
1713
1938
2654
2138
2016
1291
2153
2375
2697
2510
345
371
1240
442
1527
871
250
2524
2292
2573
2698
998
131
1972
2127
2293
2592
161
1357
1347
639
1512
1783
2389
326
2404
1108
1478
1641
1942
23
1909
401
1993
896
2546
2488
76
138
292
376
2219
2140
339
772
1934
2661
1803
584
347
1381
1020
2620
1525
126
1602
1910
1287
950
93
1427
513
715
1759
704
697
1876
532
2514
1852
2167
2287
81
2366
185
2242
1838
802
2161
1393
1901
2323
1015
2401
1742
62
2159
894
1582
917
2531
467
909
1078
1437
1255
2088
2669
452
1765
429
510
2588
855
1733
342
1900
95
1716
1829
913
1614
2460
869
2577
841
495
889
996
2034
74
1731
1714
1613
1479
1992
419
2543
1977
661
211
1201
2492
2097
2160
332
1747
684
637
2208
1156
105
1777
1086
1800
2558
1660
1988
973
729
1894
2677
2462
711
511
94
2235
1532
1619
1147
2425
1335
558
280
1922
1764
905
827
1937
2164
787
1029
788
2428
850
1995
2700
642
312
1168
499
2341
2064
777
1991
108
533
279
246
1617
581
2656
2157
2319
1345
245
2123
1570
150
2614
414
2308
2371
1125
1642
2616
2310
1830
183
2062
1304
32
2060
2520
1048
801
2289
2581
1046
2652
1556
1155
1498
686
2547
603
1855
470
289
540
1209
1111
64
2568
1535
2215
1040
1809
2071
831
1126
1001
2074
1706
259
1210
1401
1640
649
2607
1344
1735
629
2502
1877
50
2294
1854
2276
992
2635
1122
643
1248
66
2466
2303
44
883
817
928
2593
1653
1976
486
478
1537
1377
2128
441
582
594
1420
1542
1163
818
2184
1636
2395
1584
1148
983
1302
1412
1626
1568
1804
857
825
1138
580
1465
1039
583
923
1355
2057
445
2622
2399
1531
449
1707
806
858
1154
1348
2484
149
2658
266
534
2565
1621
2245
256
454
1674
1648
2035
2482
539
1407
2244
1574
824
2544
147
2369
1904
13
2061
634
2597
1843
1534
670
1951
96
984
2605
1680
1385
2372
285
1413
482
862
981
690
1553
116
1350
1635
2122
1695
1864
231
2052
2151
284
2692
819
760
30
1882
1497
2338
937
1215
1513
1101
221
318
1123
783
991
479
1698
1665
1107
2131
166
683
1354
1278
1194
1426
2465
785
236
2038
215
2473
434
901
994
835
2048
951
1214
222
947
69
1475
2471
1317
75
1752
2398
679
1002
2037
1448
986
1597
2645
1496
1552
373
2217
29
652
1010
1837
1849
1961
598
2426
302
314
2493
960
1620
2450
1686
1587
1955
2132
1327
426
1007
1297
2106
2649
669
2229
1963
2100
1489
1256
1180
249
2290
1679
1944
1596
184
1428
1622
2032
849
307
1519
597
2189
1226
2070
2636
2045
396
2126
2587
216
521
2617
1627
963
1049
2668
756
2009
707
675
196
1011
2171
176
2158
877
286
1539
2312
1259
2365
136
585
2282
86
165
1234
2291
2194
379
1776
735
2142
1578
1429
997
2163
2188
2300
1609
1082
224
2663
344
348
1434
1301
2240
1651
1271
509
1569
1720
1182
2195
1819
2190
2640
158
119
1061
1445
2441
2213
1781
1956
1292
1486
106
1165
335
2589
2449
2436
2527
2253
428
1750
135
2079
1
1442
1726
1370
87
654
1312
433
2149
1979
460
879
1711
775
2051
367
562
1643
1954
16
128
446
843
92
552
1515
566
294
1957
2628
306
1443
37
636
60
656
1791
167
477
988
1767
1573
1741
564
2687
842
1649
1228
1693
1183
2309
2209
682
1841
1349
2222
2007
252
2485
563
440
281
699
644
734
575
1599
2150
2453
568
1459
1316
1137
1540
653
85
2494
2442
1253
490
2305
2629
473
274
2655
455
882
1529
1687
2412
463
2551
671
2014
1192
870
1703
506
45
633
2027
412
210
749
305
565
2647
1845
1438
875
472
2480
2406
1780
1768
1589
807
173
73
2536
1859
1975
82
1828
1447
1625
588
502
2
1378
298
57
1193
483
1782
1314
601
2328
559
2207
35
688
750
554
2472
2586
374
162
868
213
1376
3
103
277
2018
551
773
24
1202
1045
385
370
733
1440
1616
738
118
1546
1557
2183
2368
2118
451
471
548
1560
1213
2444
804
465
1632
2432
63
321
2516
2704
2238
1738
2237
1110
1319
139
1362
1730
1628
1575
1807
974
2200
765
1544
1675
403
1832
2254
2193
1580
11
606
712
2177
902
273
1099
1905
2334
1466
2302
755
2604
1930
935
145
1395
602
2518
1790
2702
537
2077
2102
1836
1563
2165
1060
1826
1959
803
1729
813
1096
38
1225
2519
2204
1717
714
2664
546
1264
2039
1274
2490
309
1696
1054
1204
290
966
2363
965
972
523
758
769
854
1594
2173
1303
2541
2274
2347
1931
1785
2637
2521
1408
2286
2205
1139
728
1379
357
1890
2630
1736
1921
1305
1127
1530
1077
1218
1476
2220
2226
1473
55
2116
2353
2003
2504
846
1219
1694
2554
1277
2196
2261
2082
1279
2479
2267
1495
1140
1232
1734
2598
361
1973
1136
1663
811
2646
100
757
168
2030
1950
2252
1880
1036
1769
2170
721
940
1943
243
860
1369
1689
1688
2429
1936
2295
1334
943
1784
2251
1756
1392
1231
744
1432
2330
1206
1153
2232
764
2564
2264
1536
2250
789
938
934
2139
2175
1872
415
2705
1404
188
1353
800
2192
2104
2133
1590
448
1063
1167
538
1070
2087
1646
1467
1971
1690
681
65
1207
1371
1799
2065
395
372
2111
2332
2446
2271
1249
1159
1650
2047
717
2101
22
793
1611
2152
1380
1331
958
856
1325
833
1946
1631
2673
209
2202
1106
1740
1424
1878
2265
1925
2600
2248
1715
1745
1474
189
1143
265
781
743
2470
2259
982
1588
2641
2001
1984
1796
1216
1065
1797
900
1541
2643
475
1911
2563
228
1572
2211
2392
1481
1999
2130
1333
1332
493
1980
1831
2667
780
1685
1034
1603
995
2402
2199
2512
530
163
329
2269
2613
1130
1221
1840
942
1286
964
961
129
402
1261
1771
1940
2659
1673
1670
1737
2361
1184
1577
1839
1455
2478
1719
1917
1958
1113
1142
910
1224
1850
2280
959
390
815
1523
2086
1257
2249
2515
1728
391
504
187
387
930
1772
315
1948
1252
1867
1115
914
2247
142
1059
476
1190
1052
1947
411
607
125
144
2321
2445
407
627
2124
528
366
2120
2068
1990
1709
907
2322
1818
990
1430
1753
19
310
1887
2154
2503
2603
1884
1655
2260
600
254
351
1017
2642
1583
2601
364
1211
680
338
1471
226
443
1952
685
2383
2457
2448
2390
1811
809
1477
978
469
1056
271
1509
384
397
2632
2553
360
2336
1923
1508
2680
349
820
1511
1601
1005
1604
1284
230
435
1340
1176
1023
198
516
36
2112
663
362
2599
812
134
1366
719
399
383
1402
1387
2625
2239
203
232
146
512
1672
2272
1817
808
2672
272
8
282
80
437
58
705
536
350
2405
1889
1517
175
2671
2095
1526
1057
2109
2181
133
1773
702
1998
1664
1088
2549
1677
2538
1916
2413
1562
1724
444
1914
589
1501
1298
1281
1746
872
112
1810
359
1610
1149
2497
694
620
1755
1195
2691
1490
2084
122
919
1243
1320
2674
1352
2352
605
1789
2214
353
2335
1265
1323
2452
1090
1058
1630
2083
547
2582
0
666
293
2610
217
386
1067
337
1055
774
1814
2044
1547
1103
2275
816
1520
113
908
980
1953
989
1701
404
2019
1382
233
1766
2648
1927
2439
1188
2056
420
2678
1374
2046
2410
622
1851
587
2147
2370
1656
2576
229
1676
1373
180
2433
1645
2386
716
1928
524
1321
1250
2143
2542
1328
341
874
2049
1144
2594
766
2020
487
1644
244
771
354
631
625
1179
2477
1203
1394
356
1865
2569
2278
2557
1591
1725
1629
1398
2233
2491
2119
2203
1399
1150
949
489
1446
121
169
1820
205
193
2340
674
1612
1315
1579
1915
33
301
676
608
747
1847
1384
1042
369
1968
1346
1657
1559
1524
427
406
111
2676
677
1406
797
10
545
1718
1145
2526
741
687
72
720
1066
828
1014
2505
626
1774
662
2570
526
1974
586
2414
1634
899
2085
542
1793
1652
754
7
2243
2218
462
1886
1903
1300
1806
201
2584
1794
659
1825
336
2224
1411
1112
283
1891
2562
1981
311
886
2355
2440
667
393
1293
531
15
2307
1871
1760
214
2212
1452
1846
698
1710
2041
664
1902
31
2107
2358
28
921
1079
576
257
1744
590
520
1600
814
2337
413
1866
14
1251
2501
2382
1821
1239
1822
864
968
2155
810
2024
2228
784
26
1996
194
1405
1246
2304
2621
405
2545
1494
127
1318
1431
579
1389
461
1245
368
1949
1659
770
599
2178
2223
503
1037
2283
805
628
1068
258
2378
110
104
2072
1895
1307
447
1044
668
2135
124
1732
609
2090
1359
611
701
665
102
153
2185
2270
553
1051
365
2499
2388
1157
2435
1022
207
77
297
1778
2469
648
2284
561
1623
2683
2281
975
1242
939
840
190
2572
1313
2279
1615
2256
724
192
2686
2376
331
263
1970
1798
1043
745
1472
1129
2121
1464
1667
480
1801
1100
1633
2306
59
821
979
912
1258
920
2117
1788
796
394
2230
2701
377
97
388
2615
2454
1423
1283
718
1021
2262
291
2026
610
2023
2129
2500
592
1813
1196
501
731
340
1457
1637
2105
1751
1763
826
1229
363
1606
2522
1920
1493
1038
1146
101
630
595
906
2662
2187
2409
2394
2314
346
1200
529
1873
1254
204
505
1935
2021
408
235
2540
737
709
2013
948
1812
673
179
1470
2344
544
1939
2374
304
2050
143
873
123
736
2517
1787
2422
753
2707
2574
830
1668
703
91
678
962
2486
1169
18
693
823
83
200
1997
616
2201
763
355
839
1697
174
68
1295
154
2042
2608
2033
1418
1417
726
1289
1031
43
2427
1487
